1,0,0,90.75,-82.02,55.127,15
2,20000,0,91.04,-81.914,54.748,15
3,40000,0,91.331,-81.807,54.416,15
4,60000,0,91.622,-81.701,53.982,15
5,80000,0,91.913,-81.595,53.703,15
6,100000,0,92.344,-81.368,53.585,15
7,120000,0,92.724,-81.209,53.418,15
8,140000,0,93.092,-81.055,53.225,15
9,160000,0,93.42,-80.843,53.044,15
10,180000,0,93.618,-80.64,52.912,15
11,200000,0,93.708,-80.511,52.677,15
12,220000,0,93.903,-80.341,52.401,15
13,240000,0,94.077,-80.297,52.012,15
14,260000,0,94.249,-80.071,51.662,15
15,280000,0,94.493,-80.356,51.257,15
16,300000,0,94.833,-80.981,50.743,15
17,320000,0,95.098,-81.716,50.106,15
18,340000,0,95.352,-82.034,49.462,16
19,360000,0,95.651,-82.255,48.892,16
20,380000,0,96.009,-81.984,48.299,16
21,400000,0,96.309,-81.558,47.706,16
22,420000,0,96.609,-81.132,47.151,16
23,440000,0,97.001,-81.052,46.537,16
24,460000,0,97.316,-81.321,46.028,16
25,480000,0,97.386,-81.894,45.613,16
26,500000,0,97.456,-82.465,45.202,16
27,520000,0,97.549,-82.904,44.836,16
28,540000,0,97.832,-83.146,44.449,16
29,560000,0,98.278,-83.331,44.274,16
30,580000,0,98.788,-83.412,44.401,16
31,600000,0,99.298,-83.491,44.489,16
32,620000,0,99.805,-83.579,44.523,16
33,640000,0,100.237,-83.844,44.66,16
34,660000,0,101.195,-83.956,44.746,16
35,680000,0,102.152,-84.068,44.548,16
36,700000,0,103.11,-84.18,44.304,16
37,0,20000,90.74,-81.442,55.318,15
38,20000,20000,91.031,-81.336,55.023,15
39,40000,20000,91.322,-81.23,54.72,15
40,60000,20000,91.604,-81.117,54.366,15
41,80000,20000,91.88,-81.057,53.856,15
42,100000,20000,92.184,-80.949,53.498,15
43,120000,20000,92.636,-80.8,53.329,15
44,140000,20000,92.995,-80.634,53.036,15
45,160000,20000,93.281,-80.419,52.916,15
46,180000,20000,93.512,-80.316,52.932,1
47,200000,20000,93.705,-80.146,52.767,15
48,220000,20000,93.892,-80.038,52.523,15
49,240000,20000,94.062,-80.009,52.198,15
50,260000,20000,94.234,-79.802,51.831,15
51,280000,20000,94.407,-79.722,51.304,15
52,300000,20000,94.708,-80.403,50.737,15
53,320000,20000,94.923,-80.988,50.103,15
54,340000,20000,95.186,-81.248,49.545,16
55,360000,20000,95.457,-81.499,48.905,16
56,380000,20000,95.873,-81.381,48.233,16
57,400000,20000,96.173,-80.955,47.54,16
58,420000,20000,96.48,-80.56,46.948,16
59,440000,20000,96.931,-80.692,46.366,16
60,460000,20000,97.269,-80.936,45.839,16
61,480000,20000,97.339,-81.507,45.488,16
62,500000,20000,97.413,-82.06,45.155,16
63,520000,20000,97.558,-82.216,44.829,16
64,540000,20000,97.941,-82.522,44.544,16
65,560000,20000,98.387,-82.704,44.296,16
66,580000,20000,98.897,-82.784,44.322,16
67,600000,20000,99.407,-82.863,44.365,16
68,620000,20000,99.907,-83.025,44.361,16
69,640000,20000,100.404,-83.299,44.438,16
70,660000,20000,101.361,-83.412,44.466,16
71,680000,20000,102.319,-83.524,44.326,16
72,700000,20000,103.276,-83.636,44.152,16
73,0,40000,90.723,-80.909,55.428,15
74,20000,40000,91.012,-80.899,55.112,15
75,40000,40000,91.302,-80.889,54.822,15
76,60000,40000,91.591,-80.879,54.601,15
77,80000,40000,91.87,-80.808,54.332,15
78,100000,40000,92.144,-80.712,53.977,15
79,120000,40000,92.425,-80.477,53.617,15
80,140000,40000,92.732,-80.288,53.223,15
81,160000,40000,93.065,-80.126,52.884,1
82,180000,40000,93.421,-79.943,52.787,1
83,200000,40000,93.705,-79.774,52.754,1
84,220000,40000,93.876,-79.751,52.593,15
85,240000,40000,94.048,-79.722,52.352,15
86,260000,40000,94.219,-79.533,52.002,15
87,280000,40000,94.344,-79.227,51.542,1
88,300000,40000,94.494,-79.941,50.831,15
89,320000,40000,94.757,-80.201,50.177,15
90,340000,40000,95.02,-80.461,49.524,15
91,360000,40000,95.282,-80.721,48.839,15
92,380000,40000,95.734,-80.773,48.144,15
93,400000,40000,96.037,-80.353,47.458,15
94,420000,40000,96.411,-80.237,46.873,15
95,440000,40000,96.861,-80.331,46.331,15
96,460000,40000,97.222,-80.55,45.817,15
97,480000,40000,97.292,-81.121,45.439,15
98,500000,40000,97.417,-81.369,45.132,15
99,520000,40000,97.667,-81.591,44.833,15
100,540000,40000,98.051,-81.897,44.604,15
101,560000,40000,98.496,-82.076,44.433,16
102,580000,40000,99.006,-82.156,44.344,16
103,600000,40000,99.502,-82.277,44.266,16
104,620000,40000,99.895,-82.538,44.208,16
105,640000,40000,100.57,-82.755,44.207,16
106,660000,40000,101.528,-82.867,44.189,16
107,680000,40000,102.485,-82.979,44.149,16
108,700000,40000,103.443,-83.092,44.018,16
109,0,60000,90.723,-80.721,55.303,15
110,20000,60000,91.012,-80.711,55.045,15
111,40000,60000,91.302,-80.701,54.844,15
112,60000,60000,91.58,-80.626,54.637,15
113,80000,60000,91.854,-80.53,54.448,15
114,100000,60000,92.128,-80.435,54.294,15
115,120000,60000,92.406,-80.271,54.068,15
116,140000,60000,92.687,-80.027,53.684,15
117,160000,60000,92.972,-79.789,53.162,15
118,180000,60000,93.312,-79.601,52.856,1
119,200000,60000,93.615,-79.463,52.701,1
120,220000,60000,93.908,-79.287,52.597,1
121,240000,60000,94.012,-79.289,52.329,1
122,260000,60000,94.14,-79.25,51.973,1
123,280000,60000,94.305,-79.216,51.667,1
124,300000,60000,94.38,-79.215,50.989,15
125,320000,60000,94.59,-79.415,50.253,15
126,340000,60000,94.853,-79.675,49.558,15
127,360000,60000,95.116,-79.934,48.856,15
128,380000,60000,95.54,-80.016,48.144,15
129,400000,60000,95.9,-79.75,47.457,15
130,420000,60000,96.342,-79.877,46.867,15
131,440000,60000,96.792,-79.97,46.333,15
132,460000,60000,97.174,-80.164,45.857,15
133,480000,60000,97.28,-80.526,45.456,15
134,500000,60000,97.421,-80.679,45.108,15
135,520000,60000,97.777,-80.967,44.823,15
136,540000,60000,98.16,-81.272,44.592,15
137,560000,60000,98.605,-81.448,44.425,15
138,580000,60000,99.115,-81.528,44.307,15
139,600000,60000,99.583,-81.732,44.231,16
140,620000,60000,99.826,-82.081,44.192,16
141,640000,60000,100.736,-82.211,44.15,16
142,660000,60000,101.694,-82.323,44.106,16
143,680000,60000,102.652,-82.435,44.058,16
144,700000,60000,103.609,-82.547,43.996,16
145,0,80000,90.723,-80.533,55.493,15
146,20000,80000,91.012,-80.523,55.136,15
147,40000,80000,91.289,-80.443,54.754,15
148,60000,80000,91.564,-80.347,54.567,15
149,80000,80000,91.838,-80.252,54.556,15
150,100000,80000,92.112,-80.156,54.413,15
151,120000,80000,92.386,-80.06,54.308,15
152,140000,80000,92.668,-79.82,54.03,15
153,160000,80000,92.949,-79.577,53.626,15
154,180000,80000,93.231,-79.333,53.293,15
155,200000,80000,93.497,-79.184,53.044,1
156,220000,80000,93.764,-79.139,52.879,1
157,240000,80000,93.949,-79.14,52.59,1
158,260000,80000,94.021,-79.162,52.332,1
159,280000,80000,94.08,-79.172,51.806,1
160,300000,80000,94.44,-78.988,51.227,1
161,320000,80000,94.713,-78.959,50.466,15
162,340000,80000,94.879,-79.108,49.71,15
163,360000,80000,95.061,-79.302,48.976,1
164,380000,80000,95.524,-79.429,48.233,1
165,400000,80000,95.795,-79.402,47.565,1
166,420000,80000,96.306,-79.495,46.885,15
167,440000,80000,96.784,-79.572,46.337,1
168,460000,80000,97.143,-79.682,45.867,1
169,480000,80000,97.284,-79.835,45.454,15
170,500000,80000,97.503,-80.037,45.104,15
171,520000,80000,97.886,-80.342,44.817,15
172,540000,80000,98.27,-80.648,44.586,15
173,560000,80000,98.714,-80.82,44.438,15
174,580000,80000,99.199,-80.974,44.349,15
175,600000,80000,99.693,-81.181,44.301,15
176,620000,80000,99.945,-81.554,44.219,16
177,640000,80000,100.903,-81.666,44.151,16
178,660000,80000,101.861,-81.779,44.16,16
179,680000,80000,102.818,-81.891,44.157,16
180,700000,80000,103.765,-82.105,44.075,16
181,0,100000,90.723,-80.345,55.303,16
182,20000,100000,90.999,-80.261,55.019,16
183,40000,100000,91.274,-80.165,54.749,15
184,60000,100000,91.548,-80.069,54.579,15
185,80000,100000,91.822,-79.974,54.552,15
186,100000,100000,92.096,-79.878,54.476,15
187,120000,100000,92.371,-79.783,54.402,15
188,140000,100000,92.649,-79.615,54.253,15
189,160000,100000,92.93,-79.371,54.011,15
190,180000,100000,93.212,-79.127,53.748,15
191,200000,100000,93.457,-79.013,53.477,15
192,220000,100000,93.665,-78.902,53.314,1
193,240000,100000,93.844,-78.861,53.108,1
194,260000,100000,94.0,-78.819,52.645,1
195,280000,100000,94.256,-78.743,52.146,1
196,300000,100000,94.525,-78.741,51.538,1
197,320000,100000,94.705,-78.798,50.82,1
198,340000,100000,94.862,-78.839,50.017,1
199,360000,100000,95.242,-78.968,49.251,1
200,380000,100000,95.485,-79.201,48.394,1
201,400000,100000,95.87,-79.109,47.543,1
202,420000,100000,96.428,-79.125,46.826,1
203,440000,100000,96.842,-79.225,46.24,1
204,460000,100000,97.159,-79.201,45.807,1
205,480000,100000,97.318,-79.347,45.465,1
206,500000,100000,97.624,-79.399,45.185,1
207,520000,100000,97.971,-79.735,44.94,15
208,540000,100000,98.315,-80.062,44.747,1
209,560000,100000,98.809,-80.231,44.612,1
210,580000,100000,99.281,-80.429,44.491,15
211,600000,100000,99.624,-80.724,44.425,15
212,620000,100000,100.112,-81.01,44.278,15
213,640000,100000,101.069,-81.122,44.146,16
214,660000,100000,102.032,-81.333,44.167,16
215,680000,100000,102.911,-81.676,44.178,16
216,700000,100000,103.727,-81.996,44.063,16
217,0,120000,90.709,-80.078,55.276,16
218,20000,120000,90.983,-79.983,54.822,16
219,40000,120000,91.258,-79.887,54.566,16
220,60000,120000,91.532,-79.791,54.373,15
221,80000,120000,91.806,-79.695,54.264,15
222,100000,120000,92.081,-79.6,54.262,15
223,120000,120000,92.355,-79.504,54.305,15
224,140000,120000,92.63,-79.408,54.252,15
225,160000,120000,92.911,-79.165,54.123,15
226,180000,120000,93.193,-78.921,53.945,15
227,200000,120000,93.462,-78.795,53.717,15
228,220000,120000,93.643,-78.739,53.536,1
229,240000,120000,93.819,-78.544,53.284,1
230,260000,120000,94.095,-78.498,52.858,1
231,280000,120000,94.385,-78.602,52.464,1
232,300000,120000,94.603,-78.576,51.852,1
233,320000,120000,94.911,-78.626,50.956,1
234,340000,120000,95.094,-78.543,50.077,1
235,360000,120000,95.4,-78.746,49.312,1
236,380000,120000,95.605,-78.741,48.495,1
237,400000,120000,95.913,-78.878,47.703,1
238,420000,120000,96.348,-78.801,46.939,1
239,440000,120000,96.87,-78.865,46.383,1
240,460000,120000,97.079,-79.123,46.024,1
241,480000,120000,97.383,-79.176,45.706,1
242,500000,120000,97.651,-79.262,45.377,1
243,520000,120000,97.916,-79.532,45.138,1
244,540000,120000,98.487,-79.666,44.964,1
245,560000,120000,98.912,-79.737,44.848,1
246,580000,120000,99.373,-79.908,44.678,1
247,600000,120000,99.57,-80.247,44.533,1
248,620000,120000,100.299,-80.561,44.332,15
249,640000,120000,101.189,-80.889,44.123,16
250,660000,120000,102.036,-81.271,44.037,16
251,680000,120000,102.851,-81.555,43.906,16
252,700000,120000,103.504,-81.876,43.96,16
253,0,140000,90.693,-79.8,55.384,16
254,20000,140000,90.968,-79.704,54.918,16
255,40000,140000,91.242,-79.609,54.588,16
256,60000,140000,91.516,-79.513,54.306,16
257,80000,140000,91.791,-79.417,54.135,15
258,100000,140000,92.065,-79.322,54.033,15
259,120000,140000,92.339,-79.226,54.017,15
260,140000,140000,92.614,-79.131,54.044,15
261,160000,140000,92.892,-78.959,54.034,15
262,180000,140000,93.173,-78.714,53.931,15
263,200000,140000,93.467,-78.577,53.845,15
264,220000,140000,93.629,-78.458,53.527,15
265,240000,140000,93.939,-78.294,53.151,1
266,260000,140000,94.109,-78.357,52.888,1
267,280000,140000,94.285,-78.351,52.568,1
268,300000,140000,94.665,-78.343,51.797,1
269,320000,140000,94.972,-78.334,50.917,1
270,340000,140000,95.296,-78.181,50.085,1
271,360000,140000,95.507,-78.203,49.445,1
272,380000,140000,95.641,-78.3,48.736,1
273,400000,140000,95.951,-78.354,47.908,1
274,420000,140000,96.247,-78.519,47.247,1
275,440000,140000,96.739,-78.607,46.704,1
276,460000,140000,97.063,-78.918,46.306,1
277,480000,140000,97.531,-78.942,45.949,1
278,500000,140000,97.792,-78.955,45.629,1
279,520000,140000,97.982,-79.083,45.351,1
280,540000,140000,98.495,-79.184,45.149,1
281,560000,140000,99.093,-79.436,44.968,1
282,580000,140000,99.426,-79.599,44.78,1
283,600000,140000,99.892,-79.757,44.666,1
284,620000,140000,100.571,-80.343,44.48,1
285,640000,140000,101.192,-80.822,44.12,15
286,660000,140000,101.973,-81.114,43.879,15
287,680000,140000,102.626,-81.435,43.798,16
288,700000,140000,103.28,-81.757,43.906,16
289,0,160000,90.678,-79.522,55.527,16
290,20000,160000,90.952,-79.426,55.196,16
291,40000,160000,91.226,-79.331,54.89,16
292,60000,160000,91.501,-79.235,54.571,16
293,80000,160000,91.775,-79.139,54.299,16
294,100000,160000,92.049,-79.043,54.153,15
295,120000,160000,92.323,-78.948,54.095,15
296,140000,160000,92.598,-78.852,54.045,15
297,160000,160000,92.872,-78.753,53.997,15
298,180000,160000,93.154,-78.509,53.921,15
299,200000,160000,93.473,-78.359,53.791,15
300,220000,160000,93.673,-78.186,53.385,15
301,240000,160000,93.959,-78.062,52.93,15
302,260000,160000,94.049,-78.184,52.449,15
303,280000,160000,94.372,-78.046,51.955,15
304,300000,160000,94.685,-77.982,51.444,15
305,320000,160000,94.951,-77.986,50.808,15
306,340000,160000,95.276,-77.898,50.177,1
307,360000,160000,95.558,-77.97,49.585,1
308,380000,160000,95.858,-77.975,48.846,1
309,400000,160000,96.098,-78.03,48.128,1
310,420000,160000,96.383,-78.207,47.608,1
311,440000,160000,96.566,-78.357,47.107,1
312,460000,160000,96.904,-78.692,46.556,1
313,480000,160000,97.655,-78.82,46.135,1
314,500000,160000,98.046,-78.741,45.822,1
315,520000,160000,98.226,-78.812,45.52,1
316,540000,160000,98.52,-79.049,45.259,1
317,560000,160000,99.144,-78.975,45.025,1
318,580000,160000,99.629,-79.129,44.89,1
319,600000,160000,100.044,-79.593,44.757,1
320,620000,160000,100.728,-79.84,44.514,1
321,640000,160000,101.454,-80.339,44.23,15
322,660000,160000,102.094,-80.663,43.934,15
323,680000,160000,102.734,-80.986,43.85,16
324,700000,160000,103.345,-81.317,43.912,16
325,0,180000,90.319,-78.73,55.595,16
326,20000,180000,90.686,-78.789,55.312,16
327,40000,180000,91.054,-78.849,55.059,16
328,60000,180000,91.422,-78.908,54.747,16
329,80000,180000,91.759,-78.861,54.451,16
330,100000,180000,92.033,-78.765,54.274,15
331,120000,180000,92.308,-78.67,54.212,15
332,140000,180000,92.582,-78.574,54.145,15
333,160000,180000,92.856,-78.479,54.087,15
334,180000,180000,93.135,-78.303,53.973,15
335,200000,180000,93.467,-78.134,53.765,15
336,220000,180000,93.708,-77.93,53.411,15
337,240000,180000,93.971,-77.837,53.014,15
338,260000,180000,94.079,-77.854,52.595,15
339,280000,180000,94.523,-77.678,52.179,1
340,300000,180000,94.691,-77.653,51.734,1
341,320000,180000,95.046,-77.698,51.019,1
342,340000,180000,95.323,-77.664,50.273,15
343,360000,180000,95.649,-77.642,49.688,1
344,380000,180000,95.82,-77.714,49.071,1
345,400000,180000,96.162,-77.871,48.376,1
346,420000,180000,96.406,-78.008,47.896,1
347,440000,180000,96.647,-78.063,47.392,1
348,460000,180000,96.913,-78.301,46.87,1
349,480000,180000,97.578,-78.428,46.427,1
350,500000,180000,98.178,-78.451,46.094,1
351,520000,180000,98.431,-78.482,45.739,1
352,540000,180000,98.717,-78.53,45.36,1
353,560000,180000,99.156,-78.602,45.073,1
354,580000,180000,99.772,-78.913,44.844,1
355,600000,180000,100.187,-79.228,44.717,15
356,620000,180000,100.872,-79.459,44.554,15
357,640000,180000,101.612,-79.801,44.265,15
358,660000,180000,102.025,-80.011,43.965,15
359,680000,180000,102.555,-80.364,43.911,15
360,700000,180000,103.085,-80.717,43.985,16
361,0,200000,89.919,-77.849,55.642,16
362,20000,200000,90.287,-77.909,55.309,16
363,40000,200000,90.654,-77.969,55.08,16
364,60000,200000,91.022,-78.028,54.858,16
365,80000,200000,91.389,-78.088,54.552,16
366,100000,200000,91.757,-78.148,54.287,16
367,120000,200000,92.125,-78.208,54.258,15
368,140000,200000,92.493,-78.267,54.291,15
369,160000,200000,92.833,-78.202,54.249,15
370,180000,200000,93.115,-78.097,54.143,15
371,200000,200000,93.467,-77.894,53.979,1
372,220000,200000,93.681,-77.685,53.632,15
373,240000,200000,93.914,-77.593,53.279,1
374,260000,200000,94.163,-77.464,52.937,1
375,280000,200000,94.373,-77.469,52.711,1
376,300000,200000,94.659,-77.445,52.36,1
377,320000,200000,95.007,-77.267,51.642,1
378,340000,200000,95.47,-77.419,50.712,1
379,360000,200000,95.688,-77.586,49.948,1
380,380000,200000,95.986,-77.598,49.277,1
381,400000,200000,96.162,-77.791,48.601,1
382,420000,200000,96.368,-77.843,48.057,1
383,440000,200000,96.732,-77.927,47.575,1
384,460000,200000,97.037,-78.042,47.108,1
385,480000,200000,97.454,-78.078,46.839,1
386,500000,200000,98.004,-78.259,46.468,1
387,520000,200000,98.364,-78.29,46.036,1
388,540000,200000,98.801,-78.278,45.613,1
389,560000,200000,99.383,-78.413,45.338,1
390,580000,200000,99.916,-78.651,45.086,1
391,600000,200000,100.346,-78.893,44.855,1
392,620000,200000,100.838,-79.251,44.556,15
393,640000,200000,101.628,-79.538,44.291,15
394,660000,200000,101.961,-79.651,44.075,15
395,680000,200000,102.295,-79.764,44.022,15
396,700000,200000,102.825,-80.117,44.022,16
397,0,220000,89.519,-76.969,55.915,16
398,20000,220000,89.887,-77.029,55.522,16
399,40000,220000,90.254,-77.089,55.201,16
400,60000,220000,90.622,-77.149,54.962,16
401,80000,220000,90.99,-77.208,54.697,16
402,100000,220000,91.357,-77.268,54.396,16
403,120000,220000,91.732,-77.348,54.116,16
404,140000,220000,92.133,-77.495,54.059,15
405,160000,220000,92.533,-77.642,54.159,15
406,180000,220000,92.942,-77.761,54.182,15
407,200000,220000,93.214,-77.602,54.208,1
408,220000,220000,93.505,-77.406,54.059,1
409,240000,220000,93.85,-77.213,53.747,1
410,260000,220000,94.161,-77.203,53.423,1
411,280000,220000,94.338,-77.116,53.32,1
412,300000,220000,94.681,-77.045,52.921,1
413,320000,220000,95.037,-77.1,52.085,1
414,340000,220000,95.39,-77.147,51.167,1
415,360000,220000,95.759,-77.444,50.305,1
416,380000,220000,96.055,-77.548,49.395,1
417,400000,220000,96.211,-77.596,48.852,1
418,420000,220000,96.556,-77.739,48.401,1
419,440000,220000,96.773,-77.76,47.939,1
420,460000,220000,97.117,-77.808,47.477,1
421,480000,220000,97.526,-77.899,47.104,1
422,500000,220000,97.825,-78.127,46.68,1
423,520000,220000,98.559,-77.994,46.231,1
424,540000,220000,98.85,-78.148,45.833,1
425,560000,220000,99.383,-78.229,45.563,1
426,580000,220000,99.952,-78.538,45.326,1
427,600000,220000,100.446,-78.752,45.019,1
428,620000,220000,100.841,-79.043,44.695,1
429,640000,220000,101.631,-79.268,44.433,15
430,660000,220000,101.977,-79.387,44.246,15
431,680000,220000,102.31,-79.5,44.131,15
432,700000,220000,102.644,-79.613,44.026,15
433,0,240000,89.119,-76.09,56.032,16
434,20000,240000,89.511,-76.214,55.778,16
435,40000,240000,89.911,-76.361,55.563,16
436,60000,240000,90.311,-76.508,55.35,16
437,80000,240000,90.696,-76.622,55.113,16
438,100000,240000,91.08,-76.734,54.764,16
439,120000,240000,91.464,-76.845,54.231,16
440,140000,240000,91.848,-76.957,53.775,15
441,160000,240000,92.238,-77.077,53.776,15
442,180000,240000,92.7,-77.298,54.159,15
443,200000,240000,93.044,-77.308,54.306,1
444,220000,240000,93.328,-77.086,54.281,1
445,240000,240000,93.719,-76.984,54.115,1
446,260000,240000,94.049,-76.881,53.888,1
447,280000,240000,94.298,-76.827,53.544,1
448,300000,240000,94.606,-76.796,53.136,1
449,320000,240000,95.028,-76.623,52.383,1
450,340000,240000,95.382,-76.927,51.457,1
451,360000,240000,95.714,-77.125,50.566,1
452,380000,240000,95.925,-77.226,49.609,1
453,400000,240000,96.278,-77.361,48.94,1
454,420000,240000,96.612,-77.666,48.654,1
455,440000,240000,97.024,-77.611,48.308,1
456,460000,240000,97.428,-77.674,47.853,1
457,480000,240000,97.857,-77.765,47.329,1
458,500000,240000,98.166,-77.786,46.808,1
459,520000,240000,98.559,-77.832,46.352,1
460,540000,240000,98.86,-77.912,45.984,1
461,560000,240000,99.418,-78.042,45.709,1
462,580000,240000,99.877,-78.283,45.449,1
463,600000,240000,100.415,-78.486,45.141,1
464,620000,240000,101.046,-78.642,44.844,1
465,640000,240000,101.624,-78.992,44.562,15
466,660000,240000,101.993,-79.124,44.35,15
467,680000,240000,102.326,-79.237,44.186,15
468,700000,240000,102.659,-79.35,44.021,15
469,0,260000,88.76,-75.385,56.156,16
470,20000,260000,89.144,-75.496,55.958,16
471,40000,260000,89.528,-75.609,55.807,16
472,60000,260000,89.912,-75.72,55.76,16
473,80000,260000,90.296,-75.831,55.615,16
474,100000,260000,90.68,-75.944,55.294,16
475,120000,260000,91.064,-76.055,54.785,16
476,140000,260000,91.524,-76.273,54.154,16
477,160000,260000,91.986,-76.495,53.711,15
478,180000,260000,92.448,-76.716,53.713,15
479,200000,260000,92.807,-76.854,53.887,15
480,220000,260000,93.206,-76.716,54.134,15
481,240000,260000,93.602,-76.674,54.184,1
482,260000,260000,93.927,-76.578,54.151,1
483,280000,260000,94.214,-76.558,54.065,1
484,300000,260000,94.642,-76.439,53.408,1
485,320000,260000,94.737,-76.457,52.78,1
486,340000,260000,95.278,-76.636,51.769,1
487,360000,260000,95.634,-76.917,50.983,1
488,380000,260000,96.118,-77.011,49.871,1
489,400000,260000,96.426,-77.16,49.262,1
490,420000,260000,96.9,-77.285,48.895,1
491,440000,260000,97.314,-77.554,48.47,1
492,460000,260000,97.568,-77.574,48.047,1
493,480000,260000,98.136,-77.523,47.444,1
494,500000,260000,98.574,-77.502,46.935,1
495,520000,260000,98.855,-77.558,46.475,1
496,540000,260000,99.042,-77.664,46.057,1
497,560000,260000,99.564,-77.948,45.779,1
498,580000,260000,100.043,-78.132,45.555,1
499,600000,260000,100.439,-78.312,45.248,1
500,620000,260000,101.184,-78.411,44.94,1
501,640000,260000,101.644,-78.803,44.628,1
502,660000,260000,102.052,-79.021,44.382,15
503,680000,260000,102.415,-79.145,44.169,15
504,700000,260000,102.785,-79.245,43.956,15
505,0,280000,88.36,-74.595,56.293,16
506,20000,280000,88.744,-74.706,56.26,16
507,40000,280000,89.128,-74.819,55.846,16
508,60000,280000,89.512,-74.93,55.846,16
509,80000,280000,89.896,-75.041,55.847,16
510,100000,280000,90.347,-75.248,55.602,16
511,120000,280000,90.81,-75.47,55.224,16
512,140000,280000,91.272,-75.691,54.696,16
513,160000,280000,91.734,-75.912,54.136,15
514,180000,280000,92.196,-76.134,53.624,15
515,200000,280000,92.612,-76.36,53.641,15
516,220000,280000,92.997,-76.242,53.852,15
517,240000,280000,93.436,-76.222,53.995,15
518,260000,280000,93.765,-76.279,54.156,1
519,280000,280000,94.211,-76.23,54.204,1
520,300000,280000,94.54,-76.197,53.677,1
521,320000,280000,94.814,-76.319,53.001,1
522,340000,280000,95.195,-76.398,52.088,1
523,360000,280000,95.742,-76.489,51.327,1
524,380000,280000,96.158,-76.558,50.435,1
525,400000,280000,96.532,-76.689,49.892,1
526,420000,280000,97.036,-76.808,49.231,1
527,440000,280000,97.551,-77.248,48.722,1
528,460000,280000,97.829,-77.176,48.165,1
529,480000,280000,98.337,-77.025,47.556,1
530,500000,280000,98.797,-77.218,47.057,1
531,520000,280000,99.085,-77.398,46.58,1
532,540000,280000,99.358,-77.475,46.11,1
533,560000,280000,99.991,-77.564,45.775,1
534,580000,280000,100.378,-77.837,45.53,1
535,600000,280000,100.811,-78.031,45.234,1
536,620000,280000,101.399,-78.241,44.953,1
537,640000,280000,101.869,-78.539,44.642,1
538,660000,280000,102.516,-78.832,44.367,15
539,680000,280000,102.862,-78.871,44.102,15
540,700000,280000,103.32,-78.921,43.823,15
541,0,300000,87.96,-73.805,56.2,16
542,20000,300000,88.344,-73.916,55.968,16
543,40000,300000,88.728,-74.028,55.747,16
544,60000,300000,89.172,-74.223,55.725,16
545,80000,300000,89.633,-74.445,55.815,16
546,100000,300000,90.096,-74.666,55.752,16
547,120000,300000,90.558,-74.888,55.5,16
548,140000,300000,91.02,-75.109,55.03,16
549,160000,300000,91.482,-75.331,54.65,16
550,180000,300000,91.944,-75.552,54.132,15
551,200000,300000,92.406,-75.774,53.862,15
552,220000,300000,92.789,-75.768,53.966,15
553,240000,300000,93.274,-75.753,53.849,15
554,260000,300000,93.666,-75.808,54.192,1
555,280000,300000,94.219,-75.708,54.187,1
556,300000,300000,94.608,-75.781,53.769,1
557,320000,300000,94.836,-75.874,52.984,1
558,340000,300000,95.403,-75.914,52.376,1
559,360000,300000,95.765,-76.027,51.527,1
560,380000,300000,96.248,-76.078,50.781,1
561,400000,300000,96.711,-76.261,50.272,1
562,420000,300000,97.238,-76.461,49.549,1
563,440000,300000,97.579,-76.616,48.96,1
564,460000,300000,98.224,-76.781,48.35,1
565,480000,300000,98.635,-76.806,47.775,1
566,500000,300000,99.149,-76.886,47.14,1
567,520000,300000,99.553,-77.093,46.512,1
568,540000,300000,99.853,-77.055,46.038,1
569,560000,300000,100.361,-77.217,45.691,1
570,580000,300000,100.771,-77.514,45.433,1
571,600000,300000,101.288,-77.793,45.153,1
572,620000,300000,101.776,-78.051,44.833,1
573,640000,300000,102.317,-78.263,44.524,1
574,660000,300000,103.001,-78.489,44.243,15
575,680000,300000,103.541,-78.57,43.924,15
576,700000,300000,104.052,-78.621,43.604,15
577,0,320000,87.56,-73.015,56.317,16
578,20000,320000,87.995,-73.199,56.006,16
579,40000,320000,88.457,-73.42,55.678,16
580,60000,320000,88.919,-73.641,55.447,16
581,80000,320000,89.382,-73.863,55.555,16
582,100000,320000,89.843,-74.085,55.793,16
583,120000,320000,90.306,-74.306,55.672,16
584,140000,320000,90.768,-74.527,55.286,16
585,160000,320000,91.23,-74.749,54.786,16
586,180000,320000,91.692,-74.97,54.368,15
587,200000,320000,92.154,-75.192,54.208,15
588,220000,320000,92.631,-75.29,54.271,15
589,240000,320000,93.138,-75.263,54.014,15
590,260000,320000,93.649,-75.236,54.176,1
591,280000,320000,94.179,-75.177,54.418,1
592,300000,320000,94.607,-75.19,54.014,1
593,320000,320000,94.791,-75.251,53.14,1
594,340000,320000,95.311,-75.352,52.165,1
595,360000,320000,95.836,-75.426,51.492,1
596,380000,320000,96.468,-75.545,50.927,1
597,400000,320000,96.772,-75.798,50.441,1
598,420000,320000,97.347,-75.939,49.734,1
599,440000,320000,97.745,-76.11,49.13,1
600,460000,320000,98.404,-76.406,48.343,1
601,480000,320000,98.915,-76.481,47.803,1
602,500000,320000,99.351,-76.545,47.196,1
603,520000,320000,99.811,-76.689,46.51,1
604,540000,320000,100.258,-76.718,45.926,1
605,560000,320000,100.704,-77.003,45.552,1
606,580000,320000,101.23,-77.252,45.299,1
607,600000,320000,101.493,-77.479,44.94,1
608,620000,320000,102.046,-77.743,44.608,1
609,640000,320000,102.56,-77.937,44.313,1
610,660000,320000,103.224,-78.094,44.022,15
611,680000,320000,104.04,-78.182,43.726,15
612,700000,320000,104.784,-78.321,43.438,15
613,0,340000,87.281,-72.395,56.5,16
614,20000,340000,87.743,-72.616,56.121,16
615,40000,340000,88.205,-72.838,55.837,16
616,60000,340000,88.668,-73.059,55.595,16
617,80000,340000,89.156,-73.275,55.383,16
618,100000,340000,89.645,-73.49,55.73,16
619,120000,340000,90.133,-73.706,55.818,16
620,140000,340000,90.621,-73.921,55.427,16
621,160000,340000,91.11,-74.136,54.883,16
622,180000,340000,91.598,-74.352,54.434,15
623,200000,340000,92.087,-74.567,54.335,15
624,220000,340000,92.567,-74.717,54.454,15
625,240000,340000,93.205,-74.723,54.41,1
626,260000,340000,93.688,-74.579,54.45,1
627,280000,340000,94.154,-74.65,54.609,1
628,300000,340000,94.56,-74.678,54.096,1
629,320000,340000,95.042,-74.759,53.423,1
630,340000,340000,95.47,-74.889,52.249,1
631,360000,340000,96.061,-74.92,51.486,1
632,380000,340000,96.603,-75.113,51.088,1
633,400000,340000,97.112,-75.361,50.645,1
634,420000,340000,97.536,-75.45,50.024,1
635,440000,340000,98.176,-75.609,49.181,1
636,460000,340000,98.722,-75.853,48.267,1
637,480000,340000,99.187,-76.051,47.627,1
638,500000,340000,99.665,-76.193,47.105,1
639,520000,340000,100.12,-76.351,46.5,1
640,540000,340000,100.586,-76.584,45.829,1
641,560000,340000,101.195,-76.71,45.399,15
642,580000,340000,101.505,-76.949,45.111,1
643,600000,340000,101.898,-77.1,44.776,1
644,620000,340000,102.313,-77.448,44.469,1
645,640000,340000,102.93,-77.586,44.143,15
646,660000,340000,103.654,-77.694,43.872,15
647,680000,340000,104.379,-77.801,43.622,15
648,700000,340000,105.104,-77.909,43.316,15
649,0,360000,87.121,-71.784,56.435,16
650,20000,360000,87.65,-71.993,56.297,16
651,40000,360000,88.178,-72.202,56.012,16
652,60000,360000,88.704,-72.411,55.721,16
653,80000,360000,89.193,-72.626,55.682,16
654,100000,360000,89.681,-72.841,55.933,16
655,120000,360000,90.17,-73.057,55.928,16
656,140000,360000,90.658,-73.273,55.407,16
657,160000,360000,91.147,-73.488,55.063,16
658,180000,360000,91.635,-73.703,54.617,15
659,200000,360000,92.124,-73.919,54.527,15
660,220000,360000,92.612,-74.134,54.578,15
661,240000,360000,93.192,-74.226,54.589,15
662,260000,360000,93.696,-74.17,54.883,1
663,280000,360000,94.183,-74.172,54.55,1
664,300000,360000,94.598,-74.101,54.084,1
665,320000,360000,94.984,-74.242,53.296,1
666,340000,360000,95.659,-74.302,52.281,1
667,360000,360000,96.123,-74.479,51.477,1
668,380000,360000,96.702,-74.611,51.026,1
669,400000,360000,97.11,-74.794,50.899,1
670,420000,360000,97.732,-74.864,50.368,1
671,440000,360000,98.311,-75.076,49.361,1
672,460000,360000,98.858,-75.095,48.331,1
673,480000,360000,99.417,-75.408,47.433,1
674,500000,360000,99.928,-75.724,46.968,1
675,520000,360000,100.485,-75.949,46.34,1
676,540000,360000,100.997,-76.284,45.733,1
677,560000,360000,101.777,-76.472,45.269,15
678,580000,360000,101.913,-76.511,44.882,15
679,600000,360000,102.275,-76.684,44.554,15
680,620000,360000,102.734,-76.704,44.254,15
681,640000,360000,103.185,-76.726,44.0,15
682,660000,360000,103.788,-76.831,43.785,15
683,680000,360000,104.546,-76.986,43.535,15
684,700000,360000,105.304,-77.141,43.133,15
685,0,380000,86.721,-71.209,56.391,16
686,20000,380000,87.25,-71.417,56.241,16
687,40000,380000,87.778,-71.625,56.079,16
688,60000,380000,88.307,-71.835,55.849,16
689,80000,380000,88.835,-72.043,55.837,16
690,100000,380000,89.364,-72.252,55.941,16
691,120000,380000,89.893,-72.461,55.731,16
692,140000,380000,90.421,-72.669,55.213,16
693,160000,380000,90.95,-72.878,55.04,16
694,180000,380000,91.478,-73.087,54.945,15
695,200000,380000,92.007,-73.296,54.777,15
696,220000,380000,92.582,-73.503,54.634,1
697,240000,380000,93.176,-73.58,54.625,1
698,260000,380000,93.706,-73.678,54.494,1
699,280000,380000,94.178,-73.631,54.125,1
700,300000,380000,94.637,-73.803,53.559,1
701,320000,380000,95.139,-73.811,52.939,1
702,340000,380000,95.641,-73.813,52.201,1
703,360000,380000,96.145,-73.797,51.527,1
704,380000,380000,96.73,-73.959,50.98,1
705,400000,380000,97.334,-74.042,50.922,1
706,420000,380000,97.859,-74.18,50.303,1
707,440000,380000,98.401,-74.471,49.21,1
708,460000,380000,99.117,-74.622,48.152,1
709,480000,380000,99.682,-74.897,47.299,1
710,500000,380000,100.335,-75.152,46.756,1
711,520000,380000,100.78,-75.414,46.198,1
712,540000,380000,101.327,-75.524,45.594,1
713,560000,380000,101.877,-75.869,45.054,15
714,580000,380000,102.226,-75.879,44.628,15
715,600000,380000,102.684,-75.899,44.306,15
716,620000,380000,103.143,-75.919,44.06,15
717,640000,380000,103.602,-75.939,43.858,15
718,660000,380000,104.062,-75.959,43.625,15
719,680000,380000,104.626,-76.046,43.226,15
720,700000,380000,105.384,-76.201,42.755,15
721,0,400000,86.321,-70.632,56.453,16
722,20000,400000,86.85,-70.841,56.246,16
723,40000,400000,87.378,-71.05,56.166,16
724,60000,400000,87.907,-71.259,56.057,16
725,80000,400000,88.435,-71.467,55.969,16
726,100000,400000,88.964,-71.676,55.918,16
727,120000,400000,89.492,-71.885,55.76,16
728,140000,400000,90.042,-72.093,55.437,16
729,160000,400000,90.656,-72.299,55.163,16
730,180000,400000,91.27,-72.506,55.113,16
731,200000,400000,91.884,-72.713,54.976,15
732,220000,400000,92.498,-72.92,54.692,15
733,240000,400000,93.273,-73.129,54.445,15
734,260000,400000,93.774,-73.07,54.134,15
735,280000,400000,94.151,-72.967,53.645,15
736,300000,400000,94.633,-73.111,53.178,15
737,320000,400000,95.075,-73.221,52.664,15
738,340000,400000,95.648,-73.211,52.182,1
739,360000,400000,96.251,-73.228,51.679,1
740,380000,400000,96.823,-73.523,51.125,1
741,400000,400000,97.268,-73.562,50.85,1
742,420000,400000,98.039,-73.617,50.162,1
743,440000,400000,98.649,-73.907,48.94,1
744,460000,400000,99.261,-74.14,47.953,1
745,480000,400000,99.946,-74.289,47.18,1
746,500000,400000,100.52,-74.465,46.572,1
747,520000,400000,101.15,-74.802,45.951,1
748,540000,400000,101.801,-75.106,45.306,1
749,560000,400000,102.176,-75.075,44.756,15
750,580000,400000,102.634,-75.095,44.321,15
751,600000,400000,103.093,-75.114,44.018,15
752,620000,400000,103.552,-75.134,43.812,15
753,640000,400000,104.012,-75.154,43.628,15
754,660000,400000,104.47,-75.173,43.282,15
755,680000,400000,104.93,-75.194,42.77,15
756,700000,400000,105.464,-75.261,42.315,15
757,0,420000,85.921,-70.056,56.629,16
758,20000,420000,86.45,-70.265,56.408,16
759,40000,420000,86.978,-70.474,56.289,16
760,60000,420000,87.507,-70.682,56.202,16
761,80000,420000,88.116,-70.889,56.099,16
762,100000,420000,88.731,-71.096,55.951,16
763,120000,420000,89.344,-71.303,55.805,16
764,140000,420000,89.958,-71.509,55.58,16
765,160000,420000,90.573,-71.716,55.396,16
766,180000,420000,91.186,-71.922,55.253,16
767,200000,420000,91.801,-72.129,55.12,15
768,220000,420000,92.415,-72.335,54.775,15
769,240000,420000,93.111,-72.522,54.37,15
770,260000,420000,93.707,-72.39,53.942,15
771,280000,420000,94.196,-72.279,53.474,15
772,300000,420000,94.598,-72.24,53.048,15
773,320000,420000,95.124,-72.515,52.562,15
774,340000,420000,95.719,-72.576,52.119,1
775,360000,420000,96.177,-72.773,51.842,1
776,380000,420000,96.863,-72.776,51.454,1
777,400000,420000,97.519,-72.745,50.835,1
778,420000,420000,98.257,-72.836,49.805,1
779,440000,420000,98.872,-73.186,48.818,1
780,460000,420000,99.461,-73.424,47.875,1
781,480000,420000,100.199,-73.652,47.008,1
782,500000,420000,100.72,-73.689,46.358,1
783,520000,420000,101.398,-74.032,45.674,1
784,540000,420000,102.126,-74.27,45.074,1
785,560000,420000,102.584,-74.289,44.503,15
786,580000,420000,103.043,-74.309,44.024,15
787,600000,420000,103.503,-74.329,43.753,15
788,620000,420000,103.961,-74.349,43.592,15
789,640000,420000,104.421,-74.369,43.344,15
790,660000,420000,104.88,-74.389,42.846,15
791,680000,420000,105.339,-74.408,42.322,15
792,700000,420000,105.798,-74.428,41.898,15
793,0,440000,85.577,-69.479,56.89,16
794,20000,440000,86.191,-69.686,56.619,16
795,40000,440000,86.805,-69.892,56.411,16
796,60000,440000,87.419,-70.099,56.366,16
797,80000,440000,88.033,-70.305,56.292,16
798,100000,440000,88.647,-70.512,56.225,16
799,120000,440000,89.261,-70.718,56.003,16
800,140000,440000,89.875,-70.925,55.782,16
801,160000,440000,90.489,-71.131,55.514,15
802,180000,440000,91.103,-71.338,55.293,15
803,200000,440000,91.717,-71.544,55.125,15
804,220000,440000,92.331,-71.751,54.777,15
805,240000,440000,93.065,-71.833,54.292,15
806,260000,440000,93.609,-71.713,53.864,15
807,280000,440000,94.125,-71.6,53.424,15
808,300000,440000,94.617,-71.487,52.933,15
809,320000,440000,95.088,-71.625,52.495,15
810,340000,440000,95.6,-71.914,52.13,1
811,360000,440000,96.412,-71.902,51.905,1
812,380000,440000,97.036,-71.974,51.494,1
813,400000,440000,97.793,-72.089,50.835,1
814,420000,440000,98.453,-72.264,49.807,1
815,440000,440000,99.073,-72.601,48.813,1
816,460000,440000,99.729,-72.822,47.854,1
817,480000,440000,100.334,-73.049,46.964,1
818,500000,440000,100.967,-72.997,46.236,1
819,520000,440000,101.64,-73.29,45.545,1
820,540000,440000,102.292,-73.534,44.873,15
821,560000,440000,102.786,-73.547,44.37,15
822,580000,440000,103.28,-73.559,43.961,15
823,600000,440000,103.775,-73.572,43.666,15
824,620000,440000,104.269,-73.585,43.381,15
825,640000,440000,104.763,-73.597,42.951,15
826,660000,440000,105.257,-73.61,42.422,15
827,680000,440000,105.748,-73.624,41.927,15
828,700000,440000,106.207,-73.644,41.567,15
829,0,460000,85.44,-68.874,57.061,16
830,20000,460000,86.064,-69.084,56.809,16
831,40000,460000,86.688,-69.294,56.595,16
832,60000,460000,87.311,-69.505,56.578,16
833,80000,460000,87.936,-69.716,56.55,16
834,100000,460000,88.56,-69.927,56.379,16
835,120000,460000,89.178,-70.134,56.344,16
836,140000,460000,89.792,-70.341,56.011,16
837,160000,460000,90.405,-70.547,55.584,15
838,180000,460000,91.02,-70.754,55.22,15
839,200000,460000,91.634,-70.961,55.033,15
840,220000,460000,92.251,-71.168,55.026,15
841,240000,460000,92.996,-71.149,54.414,15
842,260000,460000,93.511,-71.035,53.922,15
843,280000,460000,94.027,-70.922,53.314,15
844,300000,460000,94.543,-70.808,52.817,15
845,320000,460000,95.049,-70.723,52.508,15
846,340000,460000,95.734,-71.085,52.262,1
847,360000,460000,96.575,-71.089,52.184,1
848,380000,460000,97.264,-71.324,51.616,1
849,400000,460000,97.981,-71.538,50.954,1
850,420000,460000,98.603,-71.73,49.928,1
851,440000,460000,99.213,-71.864,48.822,1
852,460000,460000,99.998,-72.032,47.88,1
853,480000,460000,100.621,-72.273,47.151,1
854,500000,460000,101.271,-72.512,46.368,1
855,520000,460000,101.864,-72.696,45.602,15
856,540000,460000,102.448,-72.801,44.963,15
857,560000,460000,102.942,-72.814,44.435,15
858,580000,460000,103.437,-72.827,43.951,15
859,600000,460000,103.931,-72.839,43.566,15
860,620000,460000,104.425,-72.852,43.096,15
861,640000,460000,104.919,-72.865,42.58,15
862,660000,460000,105.441,-72.863,42.076,15
863,680000,460000,105.966,-72.859,41.685,15
864,700000,460000,106.491,-72.855,41.377,15
865,0,480000,85.131,-68.257,57.245,16
866,20000,480000,85.823,-68.438,57.016,16
867,40000,480000,86.447,-68.648,56.81,16
868,60000,480000,87.072,-68.859,56.757,16
869,80000,480000,87.696,-69.069,56.701,16
870,100000,480000,88.32,-69.28,56.643,16
871,120000,480000,88.944,-69.491,56.534,16
872,140000,480000,89.567,-69.701,56.314,16
873,160000,480000,90.191,-69.911,55.68,16
874,180000,480000,90.816,-70.122,55.266,15
875,200000,480000,91.44,-70.333,54.955,15
876,220000,480000,92.146,-70.55,55.181,15
877,240000,480000,92.966,-70.422,54.791,3
878,260000,480000,93.552,-70.248,53.878,15
879,280000,480000,94.13,-70.096,53.191,15
880,300000,480000,94.765,-70.059,52.838,15
881,320000,480000,95.444,-70.033,52.78,1
882,340000,480000,96.008,-70.265,52.46,1
883,360000,480000,96.668,-70.429,52.134,1
884,380000,480000,97.388,-70.657,51.835,1
885,400000,480000,98.02,-70.735,51.095,1
886,420000,480000,98.753,-70.792,49.965,1
887,440000,480000,99.422,-71.05,48.874,1
888,460000,480000,100.189,-71.264,48.087,1
889,480000,480000,100.868,-71.573,47.284,1
890,500000,480000,101.572,-71.752,46.582,1
891,520000,480000,102.139,-71.925,45.822,15
892,540000,480000,102.739,-71.957,45.202,15
893,560000,480000,103.304,-71.972,44.63,15
894,580000,480000,103.829,-71.968,44.086,15
895,600000,480000,104.354,-71.964,43.485,15
896,620000,480000,104.879,-71.961,42.903,15
897,640000,480000,105.404,-71.957,42.359,15
898,660000,480000,105.929,-71.953,41.883,15
899,680000,480000,106.454,-71.949,41.57,15
900,700000,480000,106.979,-71.945,41.355,15
901,0,500000,84.731,-67.681,57.399,16
902,20000,500000,85.424,-67.862,57.271,16
903,40000,500000,86.116,-68.042,57.056,16
904,60000,500000,86.809,-68.222,57.012,16
905,80000,500000,87.456,-68.423,56.756,16
906,100000,500000,88.079,-68.634,56.546,16
907,120000,500000,88.703,-68.844,56.208,16
908,140000,500000,89.327,-69.055,56.059,16
909,160000,500000,89.952,-69.266,55.668,16
910,180000,500000,90.576,-69.476,55.333,16
911,200000,500000,91.2,-69.686,54.999,15
912,220000,500000,92.007,-69.963,54.868,15
913,240000,500000,92.858,-69.507,54.705,3
914,260000,500000,93.628,-69.548,53.996,15
915,280000,500000,94.29,-69.542,53.38,15
916,300000,500000,94.919,-69.495,52.967,15
917,320000,500000,95.732,-69.47,53.023,1
918,340000,500000,96.291,-69.516,52.694,1
919,360000,500000,96.893,-69.717,52.341,1
920,380000,500000,97.544,-69.883,51.921,1
921,400000,500000,98.201,-69.954,51.048,1
922,420000,500000,98.838,-70.087,49.878,1
923,440000,500000,99.681,-70.268,48.935,1
924,460000,500000,100.338,-70.466,48.405,1
925,480000,500000,101.091,-70.699,47.662,1
926,500000,500000,101.817,-70.884,46.761,1
927,520000,500000,102.416,-70.915,45.933,15
928,540000,500000,103.016,-70.946,45.29,15
929,560000,500000,103.615,-70.978,44.638,15
930,580000,500000,104.214,-71.009,44.002,15
931,600000,500000,104.813,-71.04,43.379,15
932,620000,500000,105.367,-71.05,42.83,15
933,640000,500000,105.892,-71.046,42.305,15
934,660000,500000,106.417,-71.042,41.888,15
935,680000,500000,106.942,-71.039,41.622,15
936,700000,500000,107.467,-71.035,41.389,15
937,0,520000,84.331,-67.106,57.342,16
938,20000,520000,85.024,-67.286,57.331,16
939,40000,520000,85.716,-67.467,57.351,16
940,60000,520000,86.409,-67.647,57.196,16
941,80000,520000,87.101,-67.827,56.918,16
942,100000,520000,87.794,-68.008,56.35,16
943,120000,520000,88.463,-68.198,56.056,16
944,140000,520000,89.088,-68.409,55.933,16
945,160000,520000,89.711,-68.619,55.591,16
946,180000,520000,90.335,-68.83,55.256,16
947,200000,520000,90.959,-69.04,54.94,15
948,220000,520000,91.841,-69.359,54.747,15
949,240000,520000,92.734,-69.1,54.327,15
950,260000,520000,93.492,-69.039,53.783,15
951,280000,520000,94.191,-69.056,53.506,15
952,300000,520000,95.076,-68.721,53.368,1
953,320000,520000,95.826,-68.825,53.265,1
954,340000,520000,96.375,-68.845,52.926,1
955,360000,520000,97.066,-69.046,52.233,1
956,380000,520000,97.672,-69.134,51.798,1
957,400000,520000,98.42,-69.256,50.886,1
958,420000,520000,99.057,-69.45,49.789,1
959,440000,520000,99.812,-69.728,48.828,1
960,460000,520000,100.559,-69.927,48.126,1
961,480000,520000,101.262,-70.038,47.375,1
962,500000,520000,102.024,-70.136,46.587,15
963,520000,520000,102.757,-70.209,45.892,15
964,540000,520000,103.462,-70.167,45.21,15
965,560000,520000,103.999,-70.113,44.469,15
966,580000,520000,104.535,-70.06,43.811,15
967,600000,520000,105.09,-70.03,43.236,15
968,620000,520000,105.69,-70.062,42.727,15
969,640000,520000,106.289,-70.093,42.284,15
970,660000,520000,106.888,-70.124,41.937,15
971,680000,520000,107.43,-70.129,41.674,15
972,700000,520000,107.955,-70.125,41.42,15
973,0,540000,83.931,-66.53,57.27,16
974,20000,540000,84.623,-66.71,57.323,16
975,40000,540000,85.316,-66.89,57.378,16
976,60000,540000,86.009,-67.071,57.271,16
977,80000,540000,86.701,-67.251,57.061,16
978,100000,540000,87.394,-67.432,56.442,16
979,120000,540000,88.086,-67.612,55.924,16
980,140000,540000,88.779,-67.793,55.862,16
981,160000,540000,89.471,-67.973,55.48,16
982,180000,540000,90.095,-68.183,55.061,16
983,200000,540000,90.719,-68.394,54.737,15
984,220000,540000,91.715,-68.626,54.661,15
985,240000,540000,92.595,-68.546,54.452,1
986,260000,540000,93.552,-68.457,53.956,15
987,280000,540000,94.463,-68.266,53.565,15
988,300000,540000,95.142,-68.123,53.281,15
989,320000,540000,95.846,-68.179,53.068,1
990,340000,540000,96.57,-68.282,52.688,1
991,360000,540000,97.206,-68.376,52.168,1
992,380000,540000,97.825,-68.401,51.713,1
993,400000,540000,98.559,-68.557,50.664,1
994,420000,540000,99.246,-68.767,49.747,1
995,440000,540000,99.976,-68.924,48.838,1
996,460000,540000,100.646,-69.156,47.934,15
997,480000,540000,101.461,-69.185,47.185,15
998,500000,540000,102.235,-69.289,46.488,15
999,520000,540000,103.008,-69.394,45.837,15
1000,540000,540000,103.769,-69.49,45.145,15
1001,560000,540000,104.545,-69.54,44.417,15
1002,580000,540000,105.136,-69.49,43.775,15
1003,600000,540000,105.672,-69.437,43.206,15
1004,620000,540000,106.21,-69.383,42.729,15
1005,640000,540000,106.747,-69.329,42.312,15
1006,660000,540000,107.283,-69.276,41.987,15
1007,680000,540000,107.82,-69.222,41.754,15
1008,700000,540000,108.363,-69.177,41.551,15
1009,0,560000,83.635,-65.784,57.415,16
1010,20000,560000,84.321,-65.975,57.32,16
1011,40000,560000,85.007,-66.167,57.178,16
1012,60000,560000,85.693,-66.358,57.237,16
1013,80000,560000,86.379,-66.549,57.181,16
1014,100000,560000,87.065,-66.741,56.533,16
1015,120000,560000,87.751,-66.932,56.125,16
1016,140000,560000,88.436,-67.123,55.889,16
1017,160000,560000,89.122,-67.315,55.241,16
1018,180000,560000,89.808,-67.506,54.9,15
1019,200000,560000,90.557,-67.645,54.972,1
1020,220000,560000,91.641,-67.542,54.833,1
1021,240000,560000,92.62,-67.55,54.456,1
1022,260000,560000,93.52,-67.537,54.129,1
1023,280000,560000,94.327,-67.488,53.709,1
1024,300000,560000,95.089,-67.44,53.264,1
1025,320000,560000,95.914,-67.486,52.834,1
1026,340000,560000,96.556,-67.592,52.397,1
1027,360000,560000,97.284,-67.708,52.094,1
1028,380000,560000,97.977,-67.757,51.419,1
1029,400000,560000,98.628,-67.917,50.494,1
1030,420000,560000,99.353,-67.984,49.548,1
1031,440000,560000,100.063,-68.205,48.682,1
1032,460000,560000,100.876,-68.237,47.848,15
1033,480000,560000,101.661,-68.332,47.118,15
1034,500000,560000,102.434,-68.436,46.504,15
1035,520000,560000,103.208,-68.54,45.873,15
1036,540000,560000,103.981,-68.645,45.172,15
1037,560000,560000,104.754,-68.749,44.494,15
1038,580000,560000,105.513,-68.845,43.877,15
1039,600000,560000,106.273,-68.867,43.318,15
1040,620000,560000,106.81,-68.813,42.877,15
1041,640000,560000,107.346,-68.76,42.489,15
1042,660000,560000,107.884,-68.706,42.2,15
1043,680000,560000,108.42,-68.652,41.927,15
1044,700000,560000,108.957,-68.599,41.751,15
1045,0,580000,83.527,-64.841,57.158,16
1046,20000,580000,84.164,-65.007,57.282,16
1047,40000,580000,84.85,-65.198,57.121,16
1048,60000,580000,85.536,-65.389,57.012,16
1049,80000,580000,86.222,-65.581,56.841,16
1050,100000,580000,86.908,-65.772,56.414,16
1051,120000,580000,87.593,-65.963,56.199,16
1052,140000,580000,88.279,-66.155,55.834,16
1053,160000,580000,88.965,-66.346,55.095,15
1054,180000,580000,89.654,-66.536,54.902,15
1055,200000,580000,90.702,-66.517,54.973,1
1056,220000,580000,91.644,-66.602,55.066,1
1057,240000,580000,92.708,-66.762,54.803,1
1058,260000,580000,93.488,-66.577,54.302,1
1059,280000,580000,94.285,-66.655,53.979,1
1060,300000,580000,95.06,-66.7,53.424,1
1061,320000,580000,95.876,-66.796,53.113,1
1062,340000,580000,96.555,-66.84,52.549,1
1063,360000,580000,97.37,-66.826,52.126,1
1064,380000,580000,98.098,-66.991,51.305,1
1065,400000,580000,98.675,-67.119,50.432,1
1066,420000,580000,99.575,-67.272,49.403,1
1067,440000,580000,100.22,-67.357,48.496,15
1068,460000,580000,101.087,-67.375,47.742,15
1069,480000,580000,101.86,-67.479,47.143,15
1070,500000,580000,102.633,-67.583,46.586,15
1071,520000,580000,103.407,-67.687,46.023,15
1072,540000,580000,104.18,-67.792,45.331,15
1073,560000,580000,104.954,-67.896,44.629,15
1074,580000,580000,105.727,-68.0,44.04,15
1075,600000,580000,106.501,-68.104,43.532,15
1076,620000,580000,107.258,-68.199,43.106,15
1077,640000,580000,107.947,-68.19,42.714,15
1078,660000,580000,108.483,-68.136,42.385,15
1079,680000,580000,109.02,-68.083,42.122,15
1080,700000,580000,109.558,-68.029,41.979,15
1081,0,600000,83.14,-64.255,57.161,16
1082,20000,600000,83.997,-64.219,57.187,16
1083,40000,600000,84.733,-64.25,57.083,16
1084,60000,600000,85.379,-64.421,57.052,16
1085,80000,600000,86.064,-64.612,56.653,16
1086,100000,600000,86.75,-64.803,56.206,16
1087,120000,600000,87.436,-64.995,55.842,16
1088,140000,600000,88.122,-65.186,55.523,16
1089,160000,600000,88.808,-65.377,55.145,15
1090,180000,600000,89.731,-65.44,54.952,15
1091,200000,600000,90.72,-65.573,54.983,1
1092,220000,600000,91.628,-65.765,54.954,1
1093,240000,600000,92.524,-65.876,54.925,1
1094,260000,600000,93.487,-65.834,54.737,1
1095,280000,600000,94.304,-65.865,54.249,1
1096,300000,600000,94.996,-66.013,53.858,1
1097,320000,600000,95.815,-66.047,53.369,1
1098,340000,600000,96.629,-65.963,52.82,1
1099,360000,600000,97.401,-66.091,52.13,1
1100,380000,600000,98.104,-66.205,51.323,1
1101,400000,600000,98.856,-66.271,50.374,1
1102,420000,600000,99.604,-66.392,49.313,1
1103,440000,600000,100.487,-66.437,48.407,15
1104,460000,600000,101.286,-66.522,47.695,15
1105,480000,600000,102.059,-66.626,47.171,15
1106,500000,600000,102.833,-66.73,46.655,15
1107,520000,600000,103.606,-66.834,46.133,15
1108,540000,600000,104.38,-66.939,45.478,15
1109,560000,600000,105.153,-67.043,44.803,15
1110,580000,600000,105.927,-67.147,44.236,15
1111,600000,600000,106.7,-67.251,43.712,15
1112,620000,600000,107.474,-67.355,43.243,15
1113,640000,600000,108.247,-67.46,42.813,15
1114,660000,600000,109.002,-67.553,42.458,15
1115,680000,600000,109.62,-67.513,42.276,15
1116,700000,600000,110.157,-67.459,42.169,15
1117,0,620000,82.74,-63.677,57.44,16
1118,20000,620000,83.597,-63.641,57.284,16
1119,40000,620000,84.453,-63.605,56.989,16
1120,60000,620000,85.309,-63.568,56.859,16
1121,80000,620000,85.939,-63.66,56.562,16
1122,100000,620000,86.593,-63.835,56.152,15
1123,120000,620000,87.279,-64.026,55.704,15
1124,140000,620000,87.965,-64.217,55.318,15
1125,160000,620000,88.872,-64.303,55.307,1
1126,180000,620000,89.743,-64.527,55.112,1
1127,200000,620000,90.691,-64.599,55.02,1
1128,220000,620000,91.575,-64.823,54.758,1
1129,240000,620000,92.527,-65.018,54.644,1
1130,260000,620000,93.484,-65.099,54.591,1
1131,280000,620000,94.288,-65.134,54.411,1
1132,300000,620000,95.098,-65.187,53.979,1
1133,320000,620000,95.904,-65.269,53.481,1
1134,340000,620000,96.721,-65.271,52.701,1
1135,360000,620000,97.444,-65.344,51.833,1
1136,380000,620000,98.125,-65.42,51.104,1
1137,400000,620000,98.917,-65.533,50.2,1
1138,420000,620000,99.857,-65.629,49.25,1
1139,440000,620000,100.712,-65.564,48.372,15
1140,460000,620000,101.485,-65.668,47.712,15
1141,480000,620000,102.259,-65.773,47.157,15
1142,500000,620000,103.032,-65.877,46.605,15
1143,520000,620000,103.806,-65.981,46.019,15
1144,540000,620000,104.579,-66.085,45.476,15
1145,560000,620000,105.353,-66.19,44.898,15
1146,580000,620000,106.126,-66.294,44.37,15
1147,600000,620000,106.9,-66.398,43.815,15
1148,620000,620000,107.673,-66.502,43.355,15
1149,640000,620000,108.447,-66.607,42.965,15
1150,660000,620000,109.22,-66.711,42.662,15
1151,680000,620000,109.994,-66.815,42.447,15
1152,700000,620000,110.757,-66.889,42.31,15
1153,0,640000,82.34,-63.099,57.605,16
1154,20000,640000,83.196,-63.063,57.349,16
1155,40000,640000,84.053,-63.027,57.053,16
1156,60000,640000,84.909,-62.991,56.855,16
1157,80000,640000,85.765,-62.954,56.558,16
1158,100000,640000,86.583,-62.94,56.104,15
1159,120000,640000,87.145,-63.07,55.796,15
1160,140000,640000,87.983,-63.245,55.52,1
1161,160000,640000,88.974,-63.443,55.292,1
1162,180000,640000,89.914,-63.562,55.31,1
1163,200000,640000,90.806,-63.709,55.19,1
1164,220000,640000,91.736,-63.869,54.691,1
1165,240000,640000,92.518,-64.045,54.579,1
1166,260000,640000,93.448,-64.126,54.507,1
1167,280000,640000,94.164,-64.261,54.119,1
1168,300000,640000,95.102,-64.417,53.72,1
1169,320000,640000,96.012,-64.532,53.174,1
1170,340000,640000,96.776,-64.496,52.527,1
1171,360000,640000,97.488,-64.521,51.628,1
1172,380000,640000,98.159,-64.574,50.687,1
1173,400000,640000,99.03,-64.567,49.814,1
1174,420000,640000,100.01,-64.615,48.997,15
1175,440000,640000,100.903,-64.718,48.277,15
1176,460000,640000,101.685,-64.815,47.692,15
1177,480000,640000,102.459,-64.92,47.158,15
1178,500000,640000,103.232,-65.024,46.618,15
1179,520000,640000,104.005,-65.129,46.015,15
1180,540000,640000,104.779,-65.232,45.499,15
1181,560000,640000,105.552,-65.337,44.998,15
1182,580000,640000,106.326,-65.441,44.448,15
1183,600000,640000,107.099,-65.546,43.897,15
1184,620000,640000,107.873,-65.649,43.526,15
1185,640000,640000,108.646,-65.754,43.228,15
1186,660000,640000,109.42,-65.858,42.927,15
1187,680000,640000,110.193,-65.963,42.655,15
1188,700000,640000,110.966,-66.066,42.42,15
1189,0,660000,82.288,-62.333,57.648,16
1190,20000,660000,83.138,-62.3,57.454,16
1191,40000,660000,83.987,-62.268,57.248,16
1192,60000,660000,84.837,-62.235,56.939,16
1193,80000,660000,85.686,-62.203,56.619,16
1194,100000,660000,86.535,-62.171,56.237,15
1195,120000,660000,87.353,-62.157,56.017,1
1196,140000,660000,88.319,-62.155,55.7,1
1197,160000,660000,89.219,-62.431,55.317,1
1198,180000,660000,90.117,-62.646,55.184,1
1199,200000,660000,91.017,-62.882,54.968,1
1200,220000,660000,92.042,-63.031,54.79,1
1201,240000,660000,92.792,-63.129,54.574,1
1202,260000,660000,93.567,-63.277,54.172,1
1203,280000,660000,94.358,-63.433,53.786,1
1204,300000,660000,95.236,-63.538,53.488,1
1205,320000,660000,96.071,-63.59,52.942,1
1206,340000,660000,96.974,-63.609,52.209,1
1207,360000,660000,97.547,-63.851,51.536,1
1208,380000,660000,98.28,-63.85,50.501,1
1209,400000,660000,98.939,-63.904,49.533,15
1210,420000,660000,100.142,-63.875,48.779,15
1211,440000,660000,100.874,-64.019,48.21,15
1212,460000,660000,101.586,-64.169,47.635,15
1213,480000,660000,102.299,-64.318,47.085,15
1214,500000,660000,103.064,-64.43,46.573,15
1215,520000,660000,103.85,-64.525,46.061,15
1216,540000,660000,104.637,-64.62,45.59,15
1217,560000,660000,105.424,-64.715,45.132,15
1218,580000,660000,106.211,-64.809,44.594,15
1219,600000,660000,106.998,-64.904,44.065,15
1220,620000,660000,107.785,-64.998,43.724,15
1221,640000,660000,108.572,-65.093,43.498,15
1222,660000,660000,109.359,-65.188,43.259,15
1223,680000,660000,110.146,-65.282,42.938,15
1224,700000,660000,110.933,-65.377,42.655,15
1225,0,680000,82.619,-61.359,57.671,16
1226,20000,680000,83.468,-61.327,57.525,16
1227,40000,680000,84.317,-61.295,57.399,16
1228,60000,680000,85.167,-61.262,57.169,16
1229,80000,680000,86.016,-61.23,56.808,15
1230,100000,680000,86.866,-61.197,56.236,15
1231,120000,680000,87.657,-61.199,55.951,15
1232,140000,680000,88.584,-61.227,55.62,1
1233,160000,680000,89.475,-61.484,55.259,1
1234,180000,680000,90.306,-61.718,55.216,1
1235,200000,680000,91.267,-61.985,55.114,1
1236,220000,680000,92.084,-62.263,54.764,1
1237,240000,680000,92.901,-62.33,54.361,1
1238,260000,680000,93.722,-62.473,54.134,1
1239,280000,680000,94.655,-62.602,53.644,1
1240,300000,680000,95.342,-62.838,53.083,1
1241,320000,680000,96.226,-62.756,52.394,1
1242,340000,680000,96.999,-63.006,51.677,1
1243,360000,680000,97.666,-63.005,50.951,1
1244,380000,680000,98.304,-63.139,50.046,15
1245,400000,680000,99.112,-63.126,49.297,15
1246,420000,680000,100.178,-63.134,48.682,15
1247,440000,680000,100.891,-63.284,48.104,15
1248,460000,680000,101.604,-63.434,47.553,15
1249,480000,680000,102.316,-63.584,47.007,15
1250,500000,680000,103.029,-63.734,46.501,15
1251,520000,680000,103.742,-63.885,46.006,15
1252,540000,680000,104.455,-64.035,45.564,15
1253,560000,680000,105.224,-64.142,45.16,15
1254,580000,680000,106.011,-64.237,44.696,15
1255,600000,680000,106.798,-64.332,44.218,15
1256,620000,680000,107.585,-64.427,43.888,15
1257,640000,680000,108.372,-64.521,43.744,15
1258,660000,680000,109.159,-64.616,43.589,15
1259,680000,680000,109.946,-64.711,43.326,15
1260,700000,680000,110.732,-64.806,42.981,15
1261,0,700000,83.016,-59.994,57.631,16
1262,20000,700000,83.822,-60.212,57.659,15
1263,40000,700000,84.648,-60.322,57.579,15
1264,60000,700000,85.497,-60.289,57.414,15
1265,80000,700000,86.346,-60.256,57.505,15
1266,100000,700000,87.196,-60.224,56.408,15
1267,120000,700000,87.962,-60.241,55.819,15
1268,140000,700000,88.937,-60.199,55.49,1
1269,160000,700000,89.783,-60.616,55.141,1
1270,180000,700000,90.634,-60.985,55.124,1
1271,200000,700000,91.458,-61.218,55.085,1
1272,220000,700000,92.295,-61.409,54.812,1
1273,240000,700000,93.086,-61.577,54.444,1
1274,260000,700000,93.882,-61.762,53.902,1
1275,280000,700000,94.714,-61.922,53.527,1
1276,300000,700000,95.443,-61.993,53.009,1
1277,320000,700000,96.264,-62.055,52.304,1
1278,340000,700000,97.086,-62.125,51.463,1
1279,360000,700000,97.813,-62.159,50.724,1
1280,380000,700000,98.344,-62.368,49.927,15
1281,400000,700000,99.283,-62.349,49.262,15
1282,420000,700000,100.196,-62.399,48.635,15
1283,440000,700000,100.908,-62.55,48.072,15
1284,460000,700000,101.621,-62.7,47.533,15
1285,480000,700000,102.334,-62.85,47.032,15
1286,500000,700000,103.046,-63.0,46.543,15
1287,520000,700000,103.759,-63.15,46.042,15
1288,540000,700000,104.472,-63.3,45.613,15
1289,560000,700000,105.185,-63.45,45.215,15
1290,580000,700000,105.897,-63.6,44.804,15
1291,600000,700000,106.611,-63.75,44.385,15
1292,620000,700000,107.385,-63.854,44.104,15
1293,640000,700000,108.172,-63.949,43.968,15
1294,660000,700000,108.959,-64.044,43.873,15
1295,680000,700000,109.746,-64.139,43.654,15
1296,700000,700000,110.532,-64.233,43.355,15
1297,0,720000,83.416,-58.614,57.509,15
1298,20000,720000,84.223,-58.832,57.472,15
1299,40000,720000,85.029,-59.049,57.517,15
1300,60000,720000,85.836,-59.267,57.466,15
1301,80000,720000,86.676,-59.283,57.269,15
1302,100000,720000,87.526,-59.251,56.505,15
1303,120000,720000,88.391,-59.325,55.981,15
1304,140000,720000,89.331,-59.553,55.585,1
1305,160000,720000,90.066,-59.877,55.501,1
1306,180000,720000,90.951,-60.119,55.177,1
1307,200000,720000,91.753,-60.368,54.953,1
1308,220000,720000,92.385,-60.657,54.728,1
1309,240000,720000,93.234,-60.804,54.476,1
1310,260000,720000,94.065,-61.0,54.168,1
1311,280000,720000,94.86,-61.149,53.574,1
1312,300000,720000,95.58,-61.234,52.887,1
1313,320000,720000,96.352,-61.314,52.183,1
1314,340000,720000,97.096,-61.408,51.514,1
1315,360000,720000,97.892,-61.416,50.72,15
1316,380000,720000,98.455,-61.6,49.97,15
1317,400000,720000,99.455,-61.572,49.247,15
1318,420000,720000,100.213,-61.666,48.596,15
1319,440000,720000,100.926,-61.816,48.046,15
1320,460000,720000,101.638,-61.966,47.542,15
1321,480000,720000,102.351,-62.116,47.029,15
1322,500000,720000,103.064,-62.266,46.557,15
1323,520000,720000,103.777,-62.416,46.074,15
1324,540000,720000,104.49,-62.566,45.7,15
1325,560000,720000,105.202,-62.716,45.38,15
1326,580000,720000,105.915,-62.866,45.03,15
1327,600000,720000,106.628,-63.017,44.695,15
1328,620000,720000,107.341,-63.167,44.518,15
1329,640000,720000,108.053,-63.317,44.393,15
1330,660000,720000,108.766,-63.467,44.215,15
1331,680000,720000,109.545,-63.567,43.924,15
1332,700000,720000,110.332,-63.662,43.663,15
1333,0,740000,83.816,-57.235,57.4,15
1334,20000,740000,84.622,-57.452,57.408,15
1335,40000,740000,85.429,-57.67,57.477,15
1336,60000,740000,86.235,-57.887,57.428,15
1337,80000,740000,87.042,-58.105,57.154,15
1338,100000,740000,87.866,-58.319,56.654,1
1339,120000,740000,88.777,-58.551,55.985,1
1340,140000,740000,89.514,-58.753,55.767,1
1341,160000,740000,90.316,-59.026,55.809,1
1342,180000,740000,91.173,-59.365,55.016,1
1343,200000,740000,91.888,-59.618,54.744,1
1344,220000,740000,92.596,-59.707,54.428,1
1345,240000,740000,93.405,-59.941,54.403,1
1346,260000,740000,94.172,-60.251,54.208,1
1347,280000,740000,94.992,-60.373,53.757,1
1348,300000,740000,95.709,-60.547,53.008,1
1349,320000,740000,96.47,-60.579,52.248,1
1350,340000,740000,97.258,-60.698,51.623,1
1351,360000,740000,97.979,-60.729,50.809,1
1352,380000,740000,98.58,-60.852,49.958,15
1353,400000,740000,99.446,-60.826,49.214,15
1354,420000,740000,100.23,-60.931,48.658,15
1355,440000,740000,100.944,-61.081,48.12,15
1356,460000,740000,101.656,-61.231,47.634,15
1357,480000,740000,102.369,-61.381,47.106,15
1358,500000,740000,103.082,-61.531,46.603,15
1359,520000,740000,103.794,-61.682,46.172,15
1360,540000,740000,104.507,-61.832,45.871,15
1361,560000,740000,105.22,-61.982,45.574,15
1362,580000,740000,105.933,-62.132,45.279,15
1363,600000,740000,106.645,-62.282,45.01,15
1364,620000,740000,107.358,-62.432,44.892,15
1365,640000,740000,108.071,-62.582,44.803,15
1366,660000,740000,108.784,-62.732,44.513,15
1367,680000,740000,109.497,-62.882,44.104,15
1368,700000,740000,110.209,-63.032,43.746,16
1369,0,760000,84.192,-56.233,57.54,15
1370,20000,760000,85.002,-56.5,57.562,15
1371,40000,760000,85.811,-56.766,57.633,15
1372,60000,760000,86.621,-57.033,57.287,15
1373,80000,760000,87.43,-57.299,56.986,15
1374,100000,760000,88.268,-57.498,56.618,15
1375,120000,760000,88.935,-57.762,56.142,1
1376,140000,760000,89.788,-58.09,55.783,1
1377,160000,760000,90.583,-58.249,55.491,1
1378,180000,760000,91.38,-58.58,55.075,1
1379,200000,760000,92.109,-58.812,54.687,1
1380,220000,760000,92.9,-58.839,54.636,1
1381,240000,760000,93.686,-59.016,54.32,1
1382,260000,760000,94.386,-59.418,53.895,1
1383,280000,760000,95.146,-59.62,53.436,1
1384,300000,760000,95.859,-59.8,53.115,1
1385,320000,760000,96.607,-59.896,52.611,1
1386,340000,760000,97.279,-59.972,51.763,1
1387,360000,760000,98.067,-60.138,50.88,1
1388,380000,760000,98.704,-60.105,50.027,15
1389,400000,760000,99.47,-60.071,49.231,15
1390,420000,760000,100.248,-60.196,48.635,15
1391,440000,760000,100.961,-60.347,48.155,15
1392,460000,760000,101.674,-60.497,47.696,15
1393,480000,760000,102.386,-60.647,47.208,15
1394,500000,760000,103.099,-60.797,46.753,15
1395,520000,760000,103.812,-60.947,46.423,15
1396,540000,760000,104.524,-61.097,46.112,15
1397,560000,760000,105.237,-61.247,45.762,15
1398,580000,760000,105.95,-61.397,45.443,15
1399,600000,760000,106.663,-61.547,45.153,15
1400,620000,760000,107.376,-61.697,45.067,15
1401,640000,760000,108.089,-61.848,44.863,15
1402,660000,760000,108.801,-61.998,44.565,15
1403,680000,760000,109.513,-62.149,44.177,15
1404,700000,760000,110.202,-62.324,43.733,16
1405,0,780000,84.652,-55.304,57.723,15
1406,20000,780000,85.354,-55.626,57.68,15
1407,40000,780000,86.149,-55.9,57.789,15
1408,60000,780000,86.958,-56.166,57.549,15
1409,80000,780000,87.815,-56.396,56.768,15
1410,100000,780000,88.553,-56.657,56.234,15
1411,120000,780000,89.308,-56.982,55.93,15
1412,140000,780000,90.097,-57.227,55.708,1
1413,160000,780000,90.818,-57.538,55.309,1
1414,180000,780000,91.653,-57.84,55.28,1
1415,200000,780000,92.451,-58.132,54.847,1
1416,220000,780000,93.088,-58.3,54.658,1
1417,240000,780000,93.835,-58.519,54.532,1
1418,260000,780000,94.514,-58.746,54.163,1
1419,280000,780000,95.35,-58.975,53.631,1
1420,300000,780000,95.967,-59.156,53.162,1
1421,320000,780000,96.625,-59.265,52.77,1
1422,340000,780000,97.295,-59.284,51.918,1
1423,360000,780000,98.015,-59.4,50.992,1
1424,380000,780000,98.748,-59.281,50.197,1
1425,400000,780000,99.553,-59.312,49.461,15
1426,420000,780000,100.265,-59.463,48.764,15
1427,440000,780000,100.978,-59.613,48.252,15
1428,460000,780000,101.691,-59.763,47.788,15
1429,480000,780000,102.404,-59.913,47.334,15
1430,500000,780000,103.116,-60.063,46.88,15
1431,520000,780000,103.829,-60.213,46.383,15
1432,540000,780000,104.538,-60.368,46.091,15
1433,560000,780000,105.227,-60.543,45.806,15
1434,580000,780000,105.916,-60.718,45.534,15
1435,600000,780000,106.605,-60.893,45.265,15
1436,620000,780000,107.294,-61.068,45.112,15
1437,640000,780000,107.974,-61.258,44.857,15
1438,660000,780000,108.547,-61.601,44.484,15
1439,680000,780000,109.119,-61.945,43.996,16
1440,700000,780000,109.692,-62.289,43.601,16
1441,0,800000,85.252,-54.305,57.737,15
1442,20000,800000,85.953,-54.626,57.709,15
1443,40000,800000,86.654,-54.947,57.752,15
1444,60000,800000,87.355,-55.269,57.765,15
1445,80000,800000,88.147,-55.562,57.138,15
1446,100000,800000,88.908,-55.886,56.181,15
1447,120000,800000,89.674,-56.206,55.834,15
1448,140000,800000,90.368,-56.492,55.901,1
1449,160000,800000,91.195,-56.762,55.387,1
1450,180000,800000,91.94,-57.008,55.388,1
1451,200000,800000,92.724,-57.458,55.202,1
1452,220000,800000,93.328,-57.57,54.785,1
1453,240000,800000,94.025,-57.763,54.646,1
1454,260000,800000,94.678,-58.092,54.171,1
1455,280000,800000,95.452,-58.279,53.282,1
1456,300000,800000,96.088,-58.441,52.986,1
1457,320000,800000,96.728,-58.535,52.322,1
1458,340000,800000,97.365,-58.629,51.491,1
1459,360000,800000,98.092,-58.651,50.635,1
1460,380000,800000,98.754,-58.655,50.05,1
1461,400000,800000,99.563,-58.585,49.619,15
1462,420000,800000,100.252,-58.761,48.961,15
1463,440000,800000,100.941,-58.936,48.342,15
1464,460000,800000,101.63,-59.112,47.898,15
1465,480000,800000,102.32,-59.287,47.458,15
1466,500000,800000,103.009,-59.462,46.892,15
1467,520000,800000,103.698,-59.637,46.353,15
1468,540000,800000,104.387,-59.813,45.995,15
1469,560000,800000,105.076,-59.988,45.79,15
1470,580000,800000,105.672,-60.298,45.52,15
1471,600000,800000,106.245,-60.641,45.314,15
1472,620000,800000,106.818,-60.986,45.113,15
1473,640000,800000,107.39,-61.33,44.694,15
1474,660000,800000,107.963,-61.673,44.224,15
1475,680000,800000,108.535,-62.017,43.762,16
1476,700000,800000,109.108,-62.361,43.38,16
1477,0,820000,85.852,-53.305,57.552,15
1478,20000,820000,86.534,-53.63,57.566,15
1479,40000,820000,87.144,-53.988,57.6,15
1480,60000,820000,87.765,-54.454,57.613,15
1481,80000,820000,88.539,-54.595,57.451,4
1482,100000,820000,89.311,-55.063,56.395,15
1483,120000,820000,90.06,-55.518,55.775,15
1484,140000,820000,90.672,-55.768,55.928,1
1485,160000,820000,91.429,-55.95,55.767,1
1486,180000,820000,92.128,-56.181,55.269,1
1487,200000,820000,92.864,-56.708,55.344,1
1488,220000,820000,93.568,-56.932,55.048,1
1489,240000,820000,94.238,-57.137,54.41,1
1490,260000,820000,94.893,-57.404,53.932,1
1491,280000,820000,95.543,-57.603,53.153,1
1492,300000,820000,96.161,-57.723,52.403,1
1493,320000,820000,96.807,-57.925,52.21,1
1494,340000,820000,97.401,-57.938,51.994,1
1495,360000,820000,98.135,-58.001,50.794,1
1496,380000,820000,98.657,-58.05,50.087,1
1497,400000,820000,99.348,-58.027,49.598,1
1498,420000,820000,100.102,-58.206,48.981,15
1499,440000,820000,100.791,-58.381,48.395,15
1500,460000,820000,101.48,-58.557,47.911,15
1501,480000,820000,102.169,-58.732,47.514,15
1502,500000,820000,102.798,-58.995,47.053,15
1503,520000,820000,103.37,-59.338,46.483,15
1504,540000,820000,103.943,-59.682,46.134,15
1505,560000,820000,104.515,-60.026,45.866,15
1506,580000,820000,105.088,-60.37,45.56,15
1507,600000,820000,105.661,-60.713,45.39,15
1508,620000,820000,106.233,-61.058,45.052,15
1509,640000,820000,106.806,-61.402,44.486,15
1510,660000,820000,107.379,-61.745,44.019,15
1511,680000,820000,107.952,-62.089,43.589,16
1512,700000,820000,108.524,-62.433,43.179,16
1513,0,840000,86.336,-52.462,57.403,15
1514,20000,840000,86.957,-52.929,57.438,15
1515,40000,840000,87.579,-53.395,57.455,15
1516,60000,840000,88.249,-53.772,57.454,15
1517,80000,840000,88.982,-54.117,57.44,4
1518,100000,840000,89.739,-54.461,56.565,15
1519,120000,840000,90.441,-54.853,56.013,1
1520,140000,840000,91.027,-55.146,55.917,1
1521,160000,840000,91.75,-55.427,55.571,1
1522,180000,840000,92.433,-55.715,55.276,1
1523,200000,840000,93.127,-56.069,55.246,1
1524,220000,840000,93.787,-56.279,55.022,1
1525,240000,840000,94.393,-56.576,54.257,1
1526,260000,840000,95.019,-56.808,53.394,1
1527,280000,840000,95.701,-56.98,52.685,1
1528,300000,840000,96.213,-57.136,52.042,1
1529,320000,840000,96.801,-57.228,51.621,1
1530,340000,840000,97.457,-57.191,51.442,1
1531,360000,840000,98.087,-57.316,50.811,1
1532,380000,840000,98.812,-57.366,50.225,1
1533,400000,840000,99.317,-57.51,49.583,1
1534,420000,840000,99.923,-57.692,48.907,15
1535,440000,840000,100.495,-58.035,48.45,15
1536,460000,840000,101.068,-58.379,48.013,15
1537,480000,840000,101.641,-58.723,47.583,15
1538,500000,840000,102.214,-59.067,47.118,15
1539,520000,840000,102.786,-59.41,46.602,15
1540,540000,840000,103.359,-59.754,46.183,15
1541,560000,840000,103.932,-60.098,45.864,15
1542,580000,840000,104.504,-60.442,45.612,15
1543,600000,840000,105.077,-60.785,45.497,15
1544,620000,840000,105.649,-61.13,44.976,15
1545,640000,840000,106.222,-61.473,44.417,15
1546,660000,840000,106.795,-61.817,44.024,16
1547,680000,840000,107.367,-62.161,43.54,16
1548,700000,840000,107.94,-62.505,43.087,16
1549,0,860000,86.771,-51.869,57.384,15
1550,20000,860000,87.393,-52.335,57.424,15
1551,40000,860000,88.035,-52.764,57.386,15
1552,60000,860000,88.766,-53.106,57.408,15
1553,80000,860000,89.398,-53.587,57.267,4
1554,100000,860000,90.071,-53.9,56.693,15
1555,120000,860000,90.642,-54.244,56.009,1
1556,140000,860000,91.208,-54.604,55.76,1
1557,160000,860000,92.047,-54.753,55.474,1
1558,180000,860000,92.701,-54.982,55.402,1
1559,200000,860000,93.339,-55.338,55.346,1
1560,220000,860000,93.877,-55.732,54.962,1
1561,240000,860000,94.463,-55.997,54.244,1
1562,260000,860000,95.201,-56.21,53.279,1
1563,280000,860000,95.817,-56.394,52.113,15
1564,300000,860000,96.314,-56.5,51.316,1
1565,320000,860000,96.755,-56.58,50.858,1
1566,340000,860000,97.47,-56.577,50.59,1
1567,360000,860000,98.179,-56.663,50.36,1
1568,380000,860000,98.879,-56.826,49.853,1
1569,400000,860000,99.528,-56.943,49.344,1
1570,420000,860000,100.044,-57.254,48.722,15
1571,440000,860000,100.554,-57.611,48.269,15
1572,460000,860000,101.069,-57.969,47.941,15
1573,480000,860000,101.624,-58.327,47.608,15
1574,500000,860000,102.179,-58.686,47.097,15
1575,520000,860000,102.734,-59.043,46.594,15
1576,540000,860000,103.289,-59.401,46.256,15
1577,560000,860000,103.844,-59.759,46.001,15
1578,580000,860000,104.399,-60.118,45.823,15
1579,600000,860000,104.954,-60.475,45.554,15
1580,620000,860000,105.509,-60.833,45.065,15
1581,640000,860000,106.064,-61.191,44.557,15
1582,660000,860000,106.619,-61.55,44.107,16
1583,680000,860000,107.174,-61.907,43.687,16
1584,700000,860000,107.729,-62.265,43.226,16
1585,0,880000,87.207,-51.276,57.515,15
1586,20000,880000,87.828,-51.742,57.568,15
1587,40000,880000,88.494,-52.155,57.34,15
1588,60000,880000,89.128,-52.609,57.178,15
1589,80000,880000,89.722,-52.985,57.124,4
1590,100000,880000,90.345,-53.231,56.915,4
1591,120000,880000,91.018,-53.473,56.243,15
1592,140000,880000,91.643,-53.886,55.752,1
1593,160000,880000,92.418,-54.186,55.427,1
1594,180000,880000,93.089,-54.505,55.378,1
1595,200000,880000,93.547,-54.768,55.454,1
1596,220000,880000,94.016,-55.115,55.084,1
1597,240000,880000,94.634,-55.389,54.529,1
1598,260000,880000,95.301,-55.662,53.503,1
1599,280000,880000,95.968,-55.924,52.133,1
1600,300000,880000,96.515,-56.06,50.941,15
1601,320000,880000,96.91,-56.046,50.214,15
1602,340000,880000,97.609,-56.025,49.774,15
1603,360000,880000,98.334,-56.141,49.536,15
1604,380000,880000,99.024,-56.288,49.063,15
1605,400000,880000,99.606,-56.495,48.7,15
1606,420000,880000,100.156,-56.808,48.455,15
1607,440000,880000,100.712,-57.152,48.043,15
1608,460000,880000,101.268,-57.495,47.79,15
1609,480000,880000,101.793,-57.849,47.543,15
1610,500000,880000,102.304,-58.206,47.184,15
1611,520000,880000,102.814,-58.563,46.75,15
1612,540000,880000,103.363,-58.921,46.461,15
1613,560000,880000,103.918,-59.279,46.289,15
1614,580000,880000,104.474,-59.637,46.07,15
1615,600000,880000,105.028,-59.996,45.689,15
1616,620000,880000,105.583,-60.353,45.183,15
1617,640000,880000,106.138,-60.711,44.681,15
1618,660000,880000,106.693,-61.069,44.224,16
1619,680000,880000,107.248,-61.428,43.84,16
1620,700000,880000,107.803,-61.785,43.455,16
1621,0,900000,87.661,-50.728,57.852,15
1622,20000,900000,88.2,-51.18,57.768,15
1623,40000,900000,88.862,-51.568,57.261,15
1624,60000,900000,89.524,-51.954,56.894,15
1625,80000,900000,90.181,-52.266,56.907,15
1626,100000,900000,90.756,-52.496,56.95,4
1627,120000,900000,91.331,-52.876,56.834,4
1628,140000,900000,91.921,-53.317,56.233,4
1629,160000,900000,92.716,-53.615,55.394,15
1630,180000,900000,93.357,-53.925,55.003,15
1631,200000,900000,93.963,-54.191,54.997,1
1632,220000,900000,94.32,-54.401,54.93,1
1633,240000,900000,94.919,-54.715,54.232,1
1634,260000,900000,95.556,-55.028,53.302,1
1635,280000,900000,96.147,-55.232,52.357,1
1636,300000,900000,96.795,-55.561,51.028,15
1637,320000,900000,97.231,-55.543,50.05,15
1638,340000,900000,97.795,-55.515,49.519,15
1639,360000,900000,98.537,-55.672,49.049,15
1640,380000,900000,99.115,-55.802,48.703,15
1641,400000,900000,99.643,-56.085,48.313,15
1642,420000,900000,100.191,-56.385,48.04,15
1643,440000,900000,100.747,-56.728,47.926,15
1644,460000,900000,101.303,-57.072,47.765,15
1645,480000,900000,101.858,-57.416,47.589,15
1646,500000,900000,102.414,-57.76,47.279,15
1647,520000,900000,102.97,-58.104,46.94,15
1648,540000,900000,103.526,-58.448,46.754,15
1649,560000,900000,104.054,-58.8,46.561,15
1650,580000,900000,104.564,-59.158,46.27,15
1651,600000,900000,105.102,-59.516,45.801,15
1652,620000,900000,105.657,-59.873,45.254,15
1653,640000,900000,106.212,-60.231,44.678,16
1654,660000,900000,106.767,-60.589,44.269,16
1655,680000,900000,107.322,-60.948,43.919,16
1656,700000,900000,107.877,-61.306,43.612,16
1657,0,920000,87.897,-50.114,57.49,15
1658,20000,920000,88.591,-50.526,57.34,15
1659,40000,920000,89.262,-50.903,57.11,15
1660,60000,920000,89.924,-51.29,56.882,15
1661,80000,920000,90.581,-51.597,56.616,15
1662,100000,920000,91.079,-51.81,56.771,4
1663,120000,920000,91.694,-52.29,56.806,4
1664,140000,920000,92.24,-52.702,56.435,4
1665,160000,920000,93.07,-52.928,55.453,15
1666,180000,920000,93.654,-53.243,54.848,15
1667,200000,920000,94.265,-53.617,54.858,15
1668,220000,920000,94.7,-53.897,54.974,1
1669,240000,920000,95.211,-54.164,54.399,1
1670,260000,920000,95.761,-54.45,53.666,1
1671,280000,920000,96.321,-54.751,52.889,1
1672,300000,920000,96.893,-54.908,51.817,1
1673,320000,920000,97.498,-55.042,50.457,15
1674,340000,920000,98.051,-55.056,49.546,15
1675,360000,920000,98.638,-55.11,48.902,15
1676,380000,920000,99.148,-55.45,48.514,15
1677,400000,920000,99.68,-55.677,48.276,15
1678,420000,920000,100.226,-55.961,48.09,15
1679,440000,920000,100.782,-56.305,47.979,15
1680,460000,920000,101.338,-56.649,47.963,15
1681,480000,920000,101.894,-56.993,47.804,15
1682,500000,920000,102.45,-57.337,47.396,15
1683,520000,920000,103.005,-57.681,47.022,15
1684,540000,920000,103.561,-58.024,46.749,15
1685,560000,920000,104.117,-58.369,46.483,15
1686,580000,920000,104.673,-58.712,46.217,15
1687,600000,920000,105.229,-59.056,45.753,15
1688,620000,920000,105.784,-59.4,45.156,15
1689,640000,920000,106.315,-59.751,44.696,16
1690,660000,920000,106.841,-60.109,44.332,16
1691,680000,920000,107.396,-60.467,44.026,16
1692,700000,920000,107.951,-60.826,43.765,16
1693,0,940000,88.242,-49.392,57.201,15
1694,20000,940000,88.936,-49.804,56.912,15
1695,40000,940000,89.63,-50.217,56.741,15
1696,60000,940000,90.324,-50.629,56.761,15
1697,80000,940000,90.932,-50.948,56.53,15
1698,100000,940000,91.49,-51.247,56.505,15
1699,120000,940000,92.132,-51.497,56.589,4
1700,140000,940000,92.729,-51.867,56.418,4
1701,160000,940000,93.371,-52.378,55.742,15
1702,180000,940000,93.984,-52.75,54.984,15
1703,200000,940000,94.573,-53.117,54.777,15
1704,220000,940000,95.048,-53.399,54.79,1
1705,240000,940000,95.49,-53.769,54.501,1
1706,260000,940000,95.923,-53.946,53.82,1
1707,280000,940000,96.474,-54.194,53.211,1
1708,300000,940000,97.067,-54.375,52.402,1
1709,320000,940000,97.62,-54.494,51.387,1
1710,340000,940000,98.155,-54.496,50.104,15
1711,360000,940000,98.674,-54.728,49.232,15
1712,380000,940000,99.188,-55.085,48.818,15
1713,400000,940000,99.717,-55.267,48.508,15
1714,420000,940000,100.261,-55.538,48.311,15
1715,440000,940000,100.817,-55.882,48.172,15
1716,460000,940000,101.373,-56.226,47.892,15
1717,480000,940000,101.928,-56.57,47.647,15
1718,500000,940000,102.484,-56.914,47.367,15
1719,520000,940000,103.04,-57.257,46.873,15
1720,540000,940000,103.596,-57.601,46.507,15
1721,560000,940000,104.152,-57.945,46.26,15
1722,580000,940000,104.708,-58.289,46.042,15
1723,600000,940000,105.263,-58.633,45.624,15
1724,620000,940000,105.82,-58.977,45.161,16
1725,640000,940000,106.375,-59.321,44.767,16
1726,660000,940000,106.931,-59.664,44.501,16
1727,680000,940000,107.487,-60.008,44.194,16
1728,700000,940000,108.043,-60.353,43.92,16
1729,0,960000,88.542,-48.739,56.99,15
1730,20000,960000,89.234,-49.154,56.575,15
1731,40000,960000,89.925,-49.569,56.288,15
1732,60000,960000,90.616,-49.987,56.411,15
1733,80000,960000,91.301,-50.415,56.519,15
1734,100000,960000,91.951,-50.801,56.404,15
1735,120000,960000,92.571,-51.152,56.341,15
1736,140000,960000,93.105,-51.434,56.313,15
1737,160000,960000,93.747,-51.872,55.89,15
1738,180000,960000,94.283,-52.243,55.119,15
1739,200000,960000,94.819,-52.614,54.691,15
1740,220000,960000,95.375,-52.979,54.561,1
1741,240000,960000,95.851,-53.374,54.298,1
1742,260000,960000,96.018,-53.569,53.711,1
1743,280000,960000,96.627,-53.669,53.27,1
1744,300000,960000,97.222,-53.817,52.614,1
1745,320000,960000,97.747,-53.915,51.797,1
1746,340000,960000,98.2,-54.007,50.912,15
1747,360000,960000,98.708,-54.377,49.986,15
1748,380000,960000,99.225,-54.675,49.475,15
1749,400000,960000,99.755,-54.858,48.894,15
1750,420000,960000,100.296,-55.115,48.534,15
1751,440000,960000,100.852,-55.458,48.274,15
1752,460000,960000,101.408,-55.803,47.893,15
1753,480000,960000,101.964,-56.147,47.446,15
1754,500000,960000,102.519,-56.49,46.972,15
1755,520000,960000,103.075,-56.834,46.558,15
1756,540000,960000,103.631,-57.178,46.203,15
1757,560000,960000,104.187,-57.522,46.035,15
1758,580000,960000,104.743,-57.866,45.833,15
1759,600000,960000,105.298,-58.209,45.435,15
1760,620000,960000,105.854,-58.554,45.142,16
1761,640000,960000,106.41,-58.898,44.964,16
1762,660000,960000,106.966,-59.241,44.642,16
1763,680000,960000,107.522,-59.585,44.287,16
1764,700000,960000,108.078,-59.929,44.044,16
1765,0,980000,88.806,-48.139,56.588,15
1766,20000,980000,89.497,-48.554,56.238,15
1767,40000,980000,90.187,-48.974,56.115,15
1768,60000,980000,90.872,-49.402,56.288,15
1769,80000,980000,91.558,-49.83,56.461,15
1770,100000,980000,92.243,-50.258,56.56,15
1771,120000,980000,92.911,-50.666,56.347,15
1772,140000,980000,93.531,-51.016,56.125,15
1773,160000,980000,94.142,-51.371,55.629,15
1774,180000,980000,94.681,-51.765,55.049,15
1775,200000,980000,95.219,-52.16,54.662,15
1776,220000,980000,95.758,-52.555,54.35,15
1777,240000,980000,96.06,-52.998,53.895,15
1778,260000,980000,96.256,-53.173,53.329,15
1779,280000,980000,96.738,-53.228,52.961,15
1780,300000,980000,97.261,-53.367,52.576,15
1781,320000,980000,97.846,-53.535,51.97,15
1782,340000,980000,98.253,-53.701,51.339,15
1783,360000,980000,98.741,-54.025,50.655,15
1784,380000,980000,99.263,-54.266,50.228,15
1785,400000,980000,99.792,-54.449,49.673,15
1786,420000,980000,100.331,-54.692,49.043,15
1787,440000,980000,100.887,-55.035,48.481,15
1788,460000,980000,101.443,-55.379,47.949,15
1789,480000,980000,101.998,-55.723,47.391,15
1790,500000,980000,102.554,-56.067,46.76,15
1791,520000,980000,103.11,-56.411,46.261,15
1792,540000,980000,103.666,-56.755,46.023,15
1793,560000,980000,104.222,-57.099,45.959,15
1794,580000,980000,104.778,-57.442,45.817,15
1795,600000,980000,105.334,-57.786,45.47,15
1796,620000,980000,105.89,-58.131,45.192,16
1797,640000,980000,106.445,-58.474,44.986,16
1798,660000,980000,107.001,-58.818,44.697,16
1799,680000,980000,107.563,-59.147,44.301,16
1800,700000,980000,108.132,-59.463,44.06,16
1801,0,1000000,89.069,-47.539,55.729,15
1802,20000,1000000,89.758,-47.961,55.618,15
1803,40000,1000000,90.443,-48.389,55.536,15
1804,60000,1000000,91.129,-48.817,55.891,15
1805,80000,1000000,91.814,-49.245,56.391,15
1806,100000,1000000,92.499,-49.673,56.522,15
1807,120000,1000000,93.185,-50.101,56.359,15
1808,140000,1000000,93.87,-50.529,56.069,15
1809,160000,1000000,94.49,-50.88,55.488,15
1810,180000,1000000,95.058,-51.259,55.032,15
1811,200000,1000000,95.596,-51.654,54.737,15
1812,220000,1000000,95.958,-52.083,54.328,15
1813,240000,1000000,96.238,-52.527,53.817,15
1814,260000,1000000,96.476,-52.841,53.259,15
1815,280000,1000000,96.928,-52.924,52.902,15
1816,300000,1000000,97.366,-53.045,52.683,15
1817,320000,1000000,98.016,-53.145,52.153,7
1818,340000,1000000,98.394,-53.369,51.548,7
1819,360000,1000000,98.771,-53.674,50.887,7
1820,380000,1000000,99.3,-53.856,50.357,15
1821,400000,1000000,99.829,-54.04,49.815,15
1822,420000,1000000,100.366,-54.268,49.027,15
1823,440000,1000000,100.922,-54.612,48.219,15
1824,460000,1000000,101.478,-54.956,47.635,15
1825,480000,1000000,102.033,-55.3,47.103,15
1826,500000,1000000,102.589,-55.644,46.547,15
1827,520000,1000000,103.145,-55.987,46.094,15
1828,540000,1000000,103.701,-56.332,45.975,15
1829,560000,1000000,104.257,-56.675,45.992,15
1830,580000,1000000,104.812,-57.019,45.933,15
1831,600000,1000000,105.368,-57.363,45.624,15
1832,620000,1000000,105.926,-57.702,45.219,16
1833,640000,1000000,106.495,-58.018,44.902,16
1834,660000,1000000,107.064,-58.332,44.595,16
1835,680000,1000000,107.633,-58.648,44.287,16
1836,700000,1000000,108.202,-58.963,44.025,16
1837,0,1020000,89.329,-46.948,55.19,15
1838,20000,1020000,90.014,-47.376,55.058,15
1839,40000,1020000,90.699,-47.804,54.792,15
1840,60000,1020000,91.385,-48.232,55.028,15
1841,80000,1020000,92.07,-48.66,55.941,15
1842,100000,1020000,92.756,-49.088,56.348,15
1843,120000,1020000,93.441,-49.516,56.211,15
1844,140000,1020000,94.126,-49.944,56.008,15
1845,160000,1020000,94.811,-50.372,55.565,15
1846,180000,1020000,95.435,-50.754,55.186,15
1847,200000,1020000,95.858,-51.171,54.87,15
1848,220000,1020000,96.137,-51.615,54.463,15
1849,240000,1020000,96.417,-52.058,53.992,15
1850,260000,1020000,96.698,-52.503,53.532,15
1851,280000,1020000,97.117,-52.62,53.07,15
1852,300000,1020000,97.544,-52.731,52.846,15
1853,320000,1020000,97.964,-52.837,52.346,15
1854,340000,1020000,98.554,-53.085,51.761,7
1855,360000,1020000,98.888,-53.227,51.004,7
1856,380000,1020000,99.337,-53.448,50.308,15
1857,400000,1020000,99.866,-53.631,49.844,15
1858,420000,1020000,100.401,-53.845,49.075,15
1859,440000,1020000,100.957,-54.189,48.202,15
1860,460000,1020000,101.513,-54.533,47.399,15
1861,480000,1020000,102.068,-54.877,46.764,15
1862,500000,1020000,102.624,-55.22,46.304,15
1863,520000,1020000,103.18,-55.564,46.007,15
1864,540000,1020000,103.736,-55.909,46.003,15
1865,560000,1020000,104.292,-56.252,46.01,15
1866,580000,1020000,104.859,-56.572,45.928,15
1867,600000,1020000,105.427,-56.887,45.684,15
1868,620000,1020000,105.996,-57.202,45.255,16
1869,640000,1020000,106.565,-57.517,44.871,16
1870,660000,1020000,107.134,-57.833,44.574,16
1871,680000,1020000,107.703,-58.147,44.136,16
1872,700000,1020000,108.272,-58.463,43.86,16
1873,0,1040000,89.585,-46.363,54.929,15
1874,20000,1040000,90.27,-46.791,54.837,15
1875,40000,1040000,90.956,-47.219,54.521,15
1876,60000,1040000,91.641,-47.647,54.471,15
1877,80000,1040000,92.326,-48.074,55.172,15
1878,100000,1040000,93.065,-48.502,55.958,15
1879,120000,1040000,93.807,-48.929,55.813,15
1880,140000,1040000,94.549,-49.356,55.695,15
1881,160000,1040000,95.291,-49.782,55.619,15
1882,180000,1040000,95.654,-50.281,55.4,15
1883,200000,1040000,96.14,-50.612,54.949,15
1884,220000,1040000,96.441,-51.037,54.575,15
1885,240000,1040000,96.742,-51.462,54.044,15
1886,260000,1040000,97.043,-51.888,53.585,15
1887,280000,1040000,97.349,-52.3,53.219,15
1888,300000,1040000,97.773,-52.358,52.987,15
1889,320000,1040000,98.19,-52.443,52.565,15
1890,340000,1040000,98.647,-52.604,51.824,7
1891,360000,1040000,99.083,-52.746,51.058,15
1892,380000,1040000,99.449,-53.007,50.3,15
1893,400000,1040000,99.904,-53.221,49.712,15
1894,420000,1040000,100.436,-53.422,49.141,15
1895,440000,1040000,100.992,-53.766,48.21,15
1896,460000,1040000,101.547,-54.11,47.413,15
1897,480000,1040000,102.103,-54.453,46.952,15
1898,500000,1040000,102.659,-54.797,46.442,15
1899,520000,1040000,103.222,-55.127,46.089,15
1900,540000,1040000,103.791,-55.442,46.02,15
1901,560000,1040000,104.36,-55.757,45.943,15
1902,580000,1040000,104.929,-56.072,45.814,15
1903,600000,1040000,105.497,-56.387,45.692,15
1904,620000,1040000,106.066,-56.702,45.298,16
1905,640000,1040000,106.635,-57.017,44.97,16
1906,660000,1040000,107.204,-57.332,44.658,16
1907,680000,1040000,107.773,-57.648,44.197,16
1908,700000,1040000,108.342,-57.962,43.815,16
1909,0,1060000,90.355,-45.768,54.775,15
1910,20000,1060000,91.097,-46.194,54.718,15
1911,40000,1060000,91.839,-46.621,54.441,15
1912,60000,1060000,92.581,-47.048,54.199,15
1913,80000,1060000,93.323,-47.475,54.555,15
1914,100000,1060000,94.065,-47.902,55.255,15
1915,120000,1060000,94.807,-48.328,55.351,15
1916,140000,1060000,94.9,-49.135,55.316,15
1917,160000,1060000,94.988,-49.765,55.447,15
1918,180000,1060000,95.643,-49.789,55.39,15
1919,200000,1060000,96.181,-50.129,55.088,15
1920,220000,1060000,96.708,-50.441,54.567,15
1921,240000,1060000,97.139,-50.801,54.28,15
1922,260000,1060000,97.44,-51.227,53.743,15
1923,280000,1060000,97.741,-51.653,53.4,15
1924,300000,1060000,98.042,-52.078,53.083,15
1925,320000,1060000,98.456,-52.165,52.752,15
1926,340000,1060000,98.88,-52.224,52.022,15
1927,360000,1060000,99.29,-52.345,51.228,15
1928,380000,1060000,99.724,-52.509,50.35,15
1929,400000,1060000,100.018,-52.774,49.676,15
1930,420000,1060000,100.471,-52.998,49.022,15
1931,440000,1060000,101.027,-53.342,48.279,15
1932,460000,1060000,101.585,-53.681,47.674,15
1933,480000,1060000,102.153,-53.997,47.298,15
1934,500000,1060000,102.723,-54.311,46.833,15
1935,520000,1060000,103.292,-54.627,46.422,15
1936,540000,1060000,103.861,-54.942,46.233,15
1937,560000,1060000,104.43,-55.257,45.977,15
1938,580000,1060000,104.999,-55.572,45.891,15
1939,600000,1060000,105.567,-55.887,45.701,15
1940,620000,1060000,106.142,-56.205,45.377,16
1941,640000,1060000,106.722,-56.526,45.02,16
1942,660000,1060000,107.302,-56.848,44.781,16
1943,680000,1060000,107.883,-57.169,44.337,16
1944,700000,1060000,108.461,-57.492,43.922,16
1945,0,1080000,91.355,-45.167,54.75,15
1946,20000,1080000,92.097,-45.595,54.925,15
1947,40000,1080000,92.839,-46.022,54.616,15
1948,60000,1080000,93.581,-46.448,54.172,15
1949,80000,1080000,94.323,-46.875,54.145,15
1950,100000,1080000,94.448,-47.663,54.551,15
1951,120000,1080000,94.175,-48.682,55.043,15
1952,140000,1080000,94.323,-49.248,55.447,15
1953,160000,1080000,94.98,-49.265,55.444,15
1954,180000,1080000,95.628,-49.319,55.368,15
1955,200000,1080000,96.171,-49.672,55.118,15
1956,220000,1080000,96.698,-49.984,54.707,15
1957,240000,1080000,97.225,-50.296,54.244,15
1958,260000,1080000,97.752,-50.609,54.084,15
1959,280000,1080000,98.138,-50.992,53.572,15
1960,300000,1080000,98.439,-51.418,53.159,15
1961,320000,1080000,98.74,-51.843,52.879,15
1962,340000,1080000,99.141,-51.972,52.244,15
1963,360000,1080000,99.563,-52.032,51.389,15
1964,380000,1080000,99.971,-52.195,50.5,15
1965,400000,1080000,100.326,-52.388,49.647,15
1966,420000,1080000,100.609,-52.606,48.938,15
1967,440000,1080000,101.147,-52.901,48.424,15
1968,460000,1080000,101.728,-53.221,47.936,15
1969,480000,1080000,102.308,-53.543,47.53,15
1970,500000,1080000,102.887,-53.864,47.138,15
1971,520000,1080000,103.467,-54.185,46.702,15
1972,540000,1080000,104.047,-54.506,46.459,15
1973,560000,1080000,104.628,-54.828,46.235,15
1974,580000,1080000,105.208,-55.149,46.153,15
1975,600000,1080000,105.783,-55.473,45.844,15
1976,620000,1080000,106.353,-55.8,45.548,16
1977,640000,1080000,106.923,-56.128,45.158,16
1978,660000,1080000,107.476,-56.439,44.801,16
1979,680000,1080000,108.016,-56.736,44.39,16
1980,700000,1080000,108.555,-57.034,43.989,16
1981,0,1100000,92.355,-44.568,54.74,15
1982,20000,1100000,93.097,-44.994,55.326,15
1983,40000,1100000,93.839,-45.421,54.964,15
1984,60000,1100000,93.995,-46.191,54.417,15
1985,80000,1100000,93.722,-47.211,54.207,15
1986,100000,1100000,93.449,-48.231,54.26,15
1987,120000,1100000,93.657,-48.732,54.635,15
1988,140000,1100000,94.315,-48.748,55.373,15
1989,160000,1100000,94.972,-48.764,55.697,15
1990,180000,1100000,95.612,-48.847,55.35,15
1991,200000,1100000,96.161,-49.215,54.958,15
1992,220000,1100000,96.688,-49.528,54.744,15
1993,240000,1100000,97.215,-49.84,54.278,15
1994,260000,1100000,97.742,-50.152,53.776,15
1995,280000,1100000,98.269,-50.464,53.408,15
1996,300000,1100000,98.796,-50.776,52.937,15
1997,320000,1100000,99.137,-51.182,52.872,15
1998,340000,1100000,99.438,-51.607,52.485,15
1999,360000,1100000,99.825,-51.778,51.564,15
2000,380000,1100000,100.229,-51.871,50.543,15
2001,400000,1100000,100.645,-52.047,49.66,15
2002,420000,1100000,100.927,-52.266,48.908,15
2003,440000,1100000,101.373,-52.486,48.739,15
2004,460000,1100000,101.953,-52.807,48.233,15
2005,480000,1100000,102.533,-53.129,47.648,15
2006,500000,1100000,103.105,-53.455,47.231,15
2007,520000,1100000,103.675,-53.782,46.881,15
2008,540000,1100000,104.245,-54.109,46.636,15
2009,560000,1100000,104.815,-54.436,46.496,15
2010,580000,1100000,105.385,-54.763,46.45,15
2011,600000,1100000,105.927,-55.063,46.142,15
2012,620000,1100000,106.467,-55.361,45.784,15
2013,640000,1100000,107.006,-55.66,45.316,16
2014,660000,1100000,107.546,-55.958,44.894,16
2015,680000,1100000,108.086,-56.257,44.478,16
2016,700000,1100000,108.625,-56.555,44.033,16
2017,0,1120000,93.355,-43.968,54.709,15
2018,20000,1120000,93.542,-44.718,55.012,15
2019,40000,1120000,93.27,-45.739,55.116,15
2020,60000,1120000,92.997,-46.758,54.908,15
2021,80000,1120000,92.724,-47.779,54.642,15
2022,100000,1120000,92.992,-48.215,54.491,15
2023,120000,1120000,93.649,-48.231,54.646,15
2024,140000,1120000,94.307,-48.247,55.16,15
2025,160000,1120000,94.964,-48.264,55.349,15
2026,180000,1120000,95.597,-48.375,54.782,15
2027,200000,1120000,96.151,-48.758,54.499,15
2028,220000,1120000,96.677,-49.071,54.328,15
2029,240000,1120000,97.205,-49.383,53.967,15
2030,260000,1120000,97.732,-49.695,53.581,15
2031,280000,1120000,98.259,-50.008,53.104,15
2032,300000,1120000,98.786,-50.32,52.712,15
2033,320000,1120000,99.313,-50.632,52.45,15
2034,340000,1120000,99.835,-50.947,52.551,15
2035,360000,1120000,100.136,-51.372,51.862,15
2036,380000,1120000,100.508,-51.584,50.881,15
2037,400000,1120000,100.895,-51.729,49.954,15
2038,420000,1120000,101.246,-51.925,49.142,15
2039,440000,1120000,101.607,-52.142,49.203,6
2040,460000,1120000,102.137,-52.418,48.475,15
2041,480000,1120000,102.708,-52.745,47.722,15
2042,500000,1120000,103.278,-53.073,47.273,15
2043,520000,1120000,103.838,-53.39,47.166,15
2044,540000,1120000,104.378,-53.688,46.87,15
2045,560000,1120000,104.918,-53.987,46.679,15
2046,580000,1120000,105.457,-54.285,46.582,15
2047,600000,1120000,105.997,-54.583,46.45,15
2048,620000,1120000,106.537,-54.881,45.929,15
2049,640000,1120000,107.076,-55.18,45.458,16
2050,660000,1120000,107.616,-55.478,45.004,16
2051,680000,1120000,108.156,-55.777,44.548,16
2052,700000,1120000,108.695,-56.075,44.065,16
2053,0,1140000,92.817,-44.267,54.935,15
2054,20000,1140000,92.544,-45.287,55.042,16
2055,40000,1140000,92.272,-46.307,55.302,15
2056,60000,1140000,91.999,-47.327,55.18,15
2057,80000,1140000,92.327,-47.698,55.045,15
2058,100000,1140000,92.984,-47.714,55.09,15
2059,120000,1140000,93.641,-47.731,55.141,15
2060,140000,1140000,94.298,-47.747,55.052,15
2061,160000,1140000,94.956,-47.764,54.735,15
2062,180000,1140000,95.581,-47.905,54.407,15
2063,200000,1140000,96.14,-48.301,53.98,15
2064,220000,1140000,96.667,-48.614,53.678,15
2065,240000,1140000,97.194,-48.926,53.54,15
2066,260000,1140000,97.722,-49.238,53.223,15
2067,280000,1140000,98.249,-49.55,52.918,15
2068,300000,1140000,98.776,-49.863,52.595,15
2069,320000,1140000,99.303,-50.175,52.148,15
2070,340000,1140000,99.83,-50.488,52.273,15
2071,360000,1140000,100.357,-50.8,52.21,15
2072,380000,1140000,100.834,-51.137,51.352,15
2073,400000,1140000,101.193,-51.391,50.52,15
2074,420000,1140000,101.565,-51.584,49.628,15
2075,440000,1140000,101.847,-51.794,49.342,6
2076,460000,1140000,102.289,-52.024,48.788,15
2077,480000,1140000,102.829,-52.315,47.923,15
2078,500000,1140000,103.368,-52.612,47.429,15
2079,520000,1140000,103.908,-52.91,47.204,15
2080,540000,1140000,104.448,-53.208,46.902,15
2081,560000,1140000,104.988,-53.507,46.727,15
2082,580000,1140000,105.527,-53.805,46.598,15
2083,600000,1140000,106.067,-54.104,46.352,15
2084,620000,1140000,106.607,-54.402,45.957,15
2085,640000,1140000,107.146,-54.7,45.555,16
2086,660000,1140000,107.686,-54.998,45.092,16
2087,680000,1140000,108.226,-55.296,44.585,16
2088,700000,1140000,108.765,-55.595,44.14,16
2089,0,1160000,91.819,-44.834,55.314,16
2090,20000,1160000,91.546,-45.855,55.62,16
2091,40000,1160000,91.274,-46.874,55.434,16
2092,60000,1160000,91.661,-47.181,55.488,16
2093,80000,1160000,92.318,-47.198,55.576,16
2094,100000,1160000,92.976,-47.214,55.417,16
2095,120000,1160000,93.633,-47.231,55.056,16
2096,140000,1160000,94.29,-47.247,54.85,16
2097,160000,1160000,94.948,-47.263,54.741,16
2098,180000,1160000,95.566,-47.433,54.433,16
2099,200000,1160000,96.126,-47.833,53.623,15
2100,220000,1160000,96.657,-48.157,53.01,15
2101,240000,1160000,97.184,-48.469,52.71,15
2102,260000,1160000,97.712,-48.781,52.467,15
2103,280000,1160000,98.238,-49.093,52.428,15
2104,300000,1160000,98.766,-49.406,52.279,15
2105,320000,1160000,99.293,-49.718,52.078,15
2106,340000,1160000,99.82,-50.03,51.858,15
2107,360000,1160000,100.347,-50.343,52.142,15
2108,380000,1160000,100.875,-50.655,51.621,15
2109,400000,1160000,101.401,-50.967,50.832,15
2110,420000,1160000,101.815,-51.276,50.066,6
2111,440000,1160000,102.047,-51.52,49.515,6
2112,460000,1160000,102.354,-51.741,48.898,15
2113,480000,1160000,102.894,-52.032,48.269,15
2114,500000,1160000,103.434,-52.323,47.729,15
2115,520000,1160000,103.973,-52.614,47.347,15
2116,540000,1160000,104.514,-52.904,46.97,15
2117,560000,1160000,105.054,-53.195,46.682,15
2118,580000,1160000,105.596,-53.487,46.392,15
2119,600000,1160000,106.15,-53.781,46.177,15
2120,620000,1160000,106.703,-54.074,45.956,15
2121,640000,1160000,107.257,-54.367,45.589,16
2122,660000,1160000,107.81,-54.661,45.165,16
2123,680000,1160000,108.364,-54.954,44.641,16
2124,700000,1160000,108.91,-55.248,44.212,16
2125,0,1180000,90.821,-45.402,55.717,16
2126,20000,1180000,90.548,-46.423,56.103,16
2127,40000,1180000,90.996,-46.665,55.999,16
2128,60000,1180000,91.653,-46.681,55.832,16
2129,80000,1180000,92.31,-46.698,55.742,16
2130,100000,1180000,92.968,-46.714,55.757,16
2131,120000,1180000,93.625,-46.73,55.362,16
2132,140000,1180000,94.282,-46.746,55.266,16
2133,160000,1180000,94.939,-46.763,55.26,16
2134,180000,1180000,95.55,-46.962,54.779,16
2135,200000,1180000,96.11,-47.362,53.727,16
2136,220000,1180000,96.647,-47.7,52.762,16
2137,240000,1180000,97.174,-48.012,52.222,16
2138,260000,1180000,97.701,-48.325,51.948,15
2139,280000,1180000,98.228,-48.637,52.033,15
2140,300000,1180000,98.756,-48.949,51.736,15
2141,320000,1180000,99.283,-49.262,51.545,15
2142,340000,1180000,99.81,-49.574,51.574,15
2143,360000,1180000,100.337,-49.886,51.573,15
2144,380000,1180000,100.864,-50.199,51.598,15
2145,400000,1180000,101.391,-50.511,51.062,15
2146,420000,1180000,101.925,-50.972,50.329,6
2147,440000,1180000,102.39,-51.255,49.578,6
2148,460000,1180000,102.578,-51.488,49.004,15
2149,480000,1180000,103.131,-51.782,48.493,15
2150,500000,1180000,103.684,-52.075,48.079,15
2151,520000,1180000,104.238,-52.368,47.563,15
2152,540000,1180000,104.791,-52.662,47.176,15
2153,560000,1180000,105.345,-52.955,46.575,15
2154,580000,1180000,105.897,-53.249,46.174,15
2155,600000,1180000,106.432,-53.545,46.093,15
2156,620000,1180000,106.959,-53.824,46.001,16
2157,640000,1180000,107.466,-54.059,45.677,16
2158,660000,1180000,107.972,-54.294,45.262,16
2159,680000,1180000,108.479,-54.528,44.663,16
2160,700000,1180000,108.985,-54.763,44.237,16
2161,0,1200000,89.823,-45.971,56.484,16
2162,20000,1200000,90.33,-46.148,56.595,16
2163,40000,1200000,90.988,-46.165,56.309,16
2164,60000,1200000,91.645,-46.181,55.907,16
2165,80000,1200000,92.302,-46.197,55.724,16
2166,100000,1200000,92.959,-46.213,55.657,16
2167,120000,1200000,93.617,-46.23,55.619,16
2168,140000,1200000,94.274,-46.246,55.718,16
2169,160000,1200000,94.931,-46.263,55.484,16
2170,180000,1200000,95.535,-46.491,54.894,16
2171,200000,1200000,96.095,-46.891,53.742,16
2172,220000,1200000,96.637,-47.243,52.774,16
2173,240000,1200000,97.164,-47.555,52.161,16
2174,260000,1200000,97.691,-47.868,51.873,16
2175,280000,1200000,98.218,-48.18,51.775,15
2176,300000,1200000,98.745,-48.492,51.437,15
2177,320000,1200000,99.273,-48.805,51.079,15
2178,340000,1200000,99.799,-49.117,50.989,15
2179,360000,1200000,100.327,-49.429,51.092,15
2180,380000,1200000,100.854,-49.742,51.127,15
2181,400000,1200000,101.384,-50.12,51.107,15
2182,420000,1200000,101.951,-50.531,50.486,15
2183,440000,1200000,102.54,-50.86,49.747,15
2184,460000,1200000,102.915,-51.244,49.307,6
2185,480000,1200000,103.419,-51.546,48.711,15
2186,500000,1200000,103.954,-51.841,48.435,15
2187,520000,1200000,104.489,-52.138,47.797,15
2188,540000,1200000,105.001,-52.385,47.373,15
2189,560000,1200000,105.507,-52.619,46.658,15
2190,580000,1200000,106.014,-52.854,46.202,15
2191,600000,1200000,106.52,-53.089,46.169,15
2192,620000,1200000,107.027,-53.324,46.074,16
2193,640000,1200000,107.534,-53.559,45.725,16
2194,660000,1200000,108.04,-53.794,45.291,16
2195,680000,1200000,108.547,-54.029,44.689,16
2196,700000,1200000,109.053,-54.264,44.251,16
2197,0,1220000,89.665,-45.632,56.948,16
2198,20000,1220000,90.322,-45.648,57.052,16
2199,40000,1220000,90.979,-45.665,56.762,16
2200,60000,1220000,91.637,-45.68,56.212,16
2201,80000,1220000,92.294,-45.697,55.831,16
2202,100000,1220000,92.951,-45.713,55.622,16
2203,120000,1220000,93.609,-45.73,55.666,16
2204,140000,1220000,94.266,-45.746,55.841,16
2205,160000,1220000,94.923,-45.762,55.529,16
2206,180000,1220000,95.519,-46.019,55.001,16
2207,200000,1220000,96.079,-46.42,53.937,16
2208,220000,1220000,96.626,-46.786,52.957,16
2209,240000,1220000,97.154,-47.099,52.375,16
2210,260000,1220000,97.681,-47.41,51.999,16
2211,280000,1220000,98.208,-47.723,51.618,15
2212,300000,1220000,98.735,-48.035,51.17,15
2213,320000,1220000,99.262,-48.347,50.758,15
2214,340000,1220000,99.789,-48.66,50.42,15
2215,360000,1220000,100.317,-48.972,50.385,15
2216,380000,1220000,100.844,-49.284,50.615,15
2217,400000,1220000,101.385,-49.746,50.669,15
2218,420000,1220000,101.978,-50.089,50.493,15
2219,440000,1220000,102.522,-50.472,49.893,15
2220,460000,1220000,103.016,-50.92,49.536,6
2221,480000,1220000,103.537,-51.222,49.02,15
2222,500000,1220000,104.049,-51.437,48.407,15
2223,520000,1220000,104.562,-51.651,47.968,15
2224,540000,1220000,105.069,-51.885,47.427,15
2225,560000,1220000,105.575,-52.12,46.654,15
2226,580000,1220000,106.082,-52.355,46.364,15
2227,600000,1220000,106.588,-52.589,46.33,15
2228,620000,1220000,107.095,-52.824,46.169,16
2229,640000,1220000,107.602,-53.059,45.803,16
2230,660000,1220000,108.108,-53.294,45.293,16
2231,680000,1220000,108.615,-53.528,44.751,16
2232,700000,1220000,109.121,-53.763,44.421,16
2233,0,1240000,89.657,-45.132,57.356,16
2234,20000,1240000,90.314,-45.147,57.42,16
2235,40000,1240000,90.971,-45.164,57.219,16
2236,60000,1240000,91.629,-45.18,56.81,16
2237,80000,1240000,92.286,-45.197,56.12,16
2238,100000,1240000,92.943,-45.213,55.677,16
2239,120000,1240000,93.6,-45.229,55.651,16
2240,140000,1240000,94.257,-45.245,55.714,16
2241,160000,1240000,94.915,-45.262,55.301,16
2242,180000,1240000,95.503,-45.549,54.635,16
2243,200000,1240000,96.063,-45.948,53.928,16
2244,220000,1240000,96.616,-46.329,53.22,16
2245,240000,1240000,97.144,-46.642,52.55,16
2246,260000,1240000,97.67,-46.954,52.011,16
2247,280000,1240000,98.198,-47.266,51.338,16
2248,300000,1240000,98.725,-47.579,50.899,15
2249,320000,1240000,99.252,-47.891,50.493,15
2250,340000,1240000,99.779,-48.203,50.025,15
2251,360000,1240000,100.307,-48.516,49.882,15
2252,380000,1240000,100.838,-48.923,50.061,15
2253,400000,1240000,101.395,-49.334,50.323,15
2254,420000,1240000,102.004,-49.645,50.312,15
2255,440000,1240000,102.504,-50.085,50.062,15
2256,460000,1240000,103.018,-50.516,49.6,15
2257,480000,1240000,103.561,-50.876,49.128,15
2258,500000,1240000,104.073,-51.091,48.749,15
2259,520000,1240000,104.585,-51.305,48.188,15
2260,540000,1240000,105.098,-51.52,47.466,15
2261,560000,1240000,105.61,-51.735,46.784,15
2262,580000,1240000,106.123,-51.949,46.538,15
2263,600000,1240000,106.635,-52.164,46.458,15
2264,620000,1240000,107.147,-52.378,46.338,16
2265,640000,1240000,107.659,-52.593,45.987,16
2266,660000,1240000,108.172,-52.807,45.422,16
2267,680000,1240000,108.683,-53.029,44.937,16
2268,700000,1240000,109.189,-53.264,44.635,16
